Running 20s test @ http://127.0.0.1:18401
  2 threads and 256 connections
  Thread calibration: mean lat.: 20.192ms, rate sampling interval: 44ms
  Thread calibration: mean lat.: 47.944ms, rate sampling interval: 50ms
  Thread Stats   Avg      Stdev     Max   +/- Stdev
    Latency    12.87ms    6.32ms  33.66ms   61.31%
    Req/Sec     1.01k     1.02k    2.98k    76.00%
  Latency Distribution (HdrHistogram - Recorded Latency)
 50.000%   13.02ms
 75.000%   17.66ms
 90.000%   21.20ms
 99.000%   26.82ms
 99.900%   31.04ms
 99.990%   32.56ms
 99.999%   33.69ms
100.000%   33.69ms

  Detailed Percentile spectrum:
       Value   Percentile   TotalCount 1/(1-Percentile)

       1.101     0.000000            1         1.00
       4.351     0.100000         1871         1.11
       6.291     0.200000         3739         1.25
       8.567     0.300000         5607         1.43
      10.871     0.400000         7477         1.67
      13.023     0.500000         9346         2.00
      13.991     0.550000        10284         2.22
      14.919     0.600000        11215         2.50
      15.863     0.650000        12162         2.86
      16.767     0.700000        13089         3.33
      17.663     0.750000        14021         4.00
      18.159     0.775000        14504         4.44
      18.655     0.800000        14960         5.00
      19.231     0.825000        15431         5.71
      19.791     0.850000        15888         6.67
      20.431     0.875000        16354         8.00
      20.799     0.887500        16590         8.89
      21.199     0.900000        16828        10.00
      21.583     0.912500        17055        11.43
      22.047     0.925000        17292        13.33
      22.543     0.937500        17526        16.00
      22.815     0.943750        17642        17.78
      23.087     0.950000        17759        20.00
      23.471     0.956250        17877        22.86
      23.823     0.962500        17992        26.67
      24.287     0.968750        18107        32.00
      24.495     0.971875        18167        35.56
      24.767     0.975000        18224        40.00
      25.087     0.978125        18283        45.71
      25.391     0.981250        18340        53.33
      25.823     0.984375        18398        64.00
      26.063     0.985938        18431        71.11
      26.351     0.987500        18458        80.00
      26.607     0.989062        18486        91.43
      26.975     0.990625        18515       106.67
      27.407     0.992188        18547       128.00
      27.663     0.992969        18559       142.22
      27.935     0.993750        18574       160.00
      28.159     0.994531        18588       182.86
      28.527     0.995313        18603       213.33
      29.007     0.996094        18617       256.00
      29.279     0.996484        18625       284.44
      29.487     0.996875        18632       320.00
      29.759     0.997266        18639       365.71
      30.079     0.997656        18647       426.67
      30.399     0.998047        18654       512.00
      30.463     0.998242        18659       568.89
      30.479     0.998437        18661       640.00
      30.639     0.998633        18665       731.43
      31.007     0.998828        18670       853.33
      31.167     0.999023        18672      1024.00
      31.263     0.999121        18674      1137.78
      31.359     0.999219        18676      1280.00
      31.567     0.999316        18678      1462.86
      31.647     0.999414        18680      1706.67
      31.743     0.999512        18682      2048.00
      31.743     0.999561        18682      2275.56
      31.775     0.999609        18683      2560.00
      31.887     0.999658        18685      2925.71
      31.887     0.999707        18685      3413.33
      31.935     0.999756        18686      4096.00
      31.935     0.999780        18686      4551.11
      32.207     0.999805        18687      5120.00
      32.207     0.999829        18687      5851.43
      32.559     0.999854        18688      6826.67
      32.559     0.999878        18688      8192.00
      32.559     0.999890        18688      9102.22
      32.703     0.999902        18689     10240.00
      32.703     0.999915        18689     11702.86
      32.703     0.999927        18689     13653.33
      32.703     0.999939        18689     16384.00
      32.703     0.999945        18689     18204.44
      33.695     0.999951        18690     20480.00
      33.695     1.000000        18690          inf
#[Mean    =       12.869, StdDeviation   =        6.321]
#[Max     =       33.664, Total count    =        18690]
#[Buckets =           27, SubBuckets     =         2048]
----------------------------------------------------------
  38147 requests in 20.08s, 20.79MB read
Requests/sec:   1899.87
Transfer/sec:      1.04MB
MIX_ERRORS connect=0 read=0 write=0 status=0 timeout=0
