Running 20s test @ http://127.0.0.1:18401
  2 threads and 256 connections
  Thread calibration: mean lat.: 1445.472ms, rate sampling interval: 5185ms
  Thread calibration: mean lat.: 1471.628ms, rate sampling interval: 5230ms
  Thread Stats   Avg      Stdev     Max   +/- Stdev
    Latency     4.27s   814.57ms   6.27s    59.78%
    Req/Sec     3.52k     1.00     3.52k    50.00%
  Latency Distribution (HdrHistogram - Recorded Latency)
 50.000%    4.27s 
 75.000%    4.94s 
 90.000%    5.39s 
 99.000%    5.81s 
 99.900%    6.04s 
 99.990%    6.21s 
 99.999%    6.27s 
100.000%    6.28s 

  Detailed Percentile spectrum:
       Value   Percentile   TotalCount 1/(1-Percentile)

    2469.887     0.000000            1         1.00
    3170.303     0.100000         6589         1.11
    3448.831     0.200000        13169         1.25
    3723.263     0.300000        19746         1.43
    3995.647     0.400000        26318         1.67
    4272.127     0.500000        32941         2.00
    4407.295     0.550000        36177         2.22
    4546.559     0.600000        39430         2.50
    4685.823     0.650000        42783         2.86
    4816.895     0.700000        46062         3.33
    4943.871     0.750000        49296         4.00
    5013.503     0.775000        50939         4.44
    5083.135     0.800000        52615         5.00
    5152.767     0.825000        54214         5.71
    5226.495     0.850000        55861         6.67
    5304.319     0.875000        57516         8.00
    5345.279     0.887500        58354         8.89
    5386.239     0.900000        59168        10.00
    5427.199     0.912500        60028        11.43
    5472.255     0.925000        60832        13.33
    5517.311     0.937500        61632        16.00
    5541.887     0.943750        62043        17.78
    5566.463     0.950000        62439        20.00
    5591.039     0.956250        62832        22.86
    5619.711     0.962500        63254        26.67
    5652.479     0.968750        63695        32.00
    5668.863     0.971875        63915        35.56
    5685.247     0.975000        64105        40.00
    5701.631     0.978125        64278        45.71
    5722.111     0.981250        64480        53.33
    5750.783     0.984375        64704        64.00
    5763.071     0.985938        64784        71.11
    5779.455     0.987500        64886        80.00
    5795.839     0.989062        64987        91.43
    5816.319     0.990625        65101       106.67
    5836.799     0.992188        65191       128.00
    5849.087     0.992969        65244       142.22
    5865.471     0.993750        65311       160.00
    5877.759     0.994531        65352       182.86
    5894.143     0.995313        65414       213.33
    5906.431     0.996094        65453       256.00
    5914.623     0.996484        65476       284.44
    5922.815     0.996875        65499       320.00
    5935.103     0.997266        65527       365.71
    5947.391     0.997656        65555       426.67
    5963.775     0.998047        65576       512.00
    5976.063     0.998242        65589       568.89
    5992.447     0.998437        65603       640.00
    6004.735     0.998633        65618       731.43
    6017.023     0.998828        65627       853.33
    6041.599     0.999023        65639      1024.00
    6053.887     0.999121        65648      1137.78
    6062.079     0.999219        65654      1280.00
    6070.271     0.999316        65660      1462.86
    6086.655     0.999414        65668      1706.67
    6094.847     0.999512        65672      2048.00
    6103.039     0.999561        65676      2275.56
    6111.231     0.999609        65679      2560.00
    6115.327     0.999658        65682      2925.71
    6123.519     0.999707        65684      3413.33
    6131.711     0.999756        65687      4096.00
    6143.999     0.999780        65690      4551.11
    6148.095     0.999805        65691      5120.00
    6160.383     0.999829        65692      5851.43
    6176.767     0.999854        65694      6826.67
    6201.343     0.999878        65695      8192.00
    6209.535     0.999890        65696      9102.22
    6230.015     0.999902        65697     10240.00
    6238.207     0.999915        65698     11702.86
    6250.495     0.999927        65699     13653.33
    6250.495     0.999939        65699     16384.00
    6258.687     0.999945        65700     18204.44
    6258.687     0.999951        65700     20480.00
    6262.783     0.999957        65701     23405.71
    6262.783     0.999963        65701     27306.67
    6262.783     0.999969        65701     32768.00
    6270.975     0.999973        65702     36408.89
    6270.975     0.999976        65702     40960.00
    6270.975     0.999979        65702     46811.43
    6270.975     0.999982        65702     54613.33
    6270.975     0.999985        65702     65536.00
    6275.071     0.999986        65703     72817.78
    6275.071     1.000000        65703          inf
#[Mean    =     4272.137, StdDeviation   =      814.573]
#[Max     =     6270.976, Total count    =        65703]
#[Buckets =           27, SubBuckets     =         2048]
----------------------------------------------------------
  133237 requests in 19.99s, 72.55MB read
Requests/sec:   6665.19
Transfer/sec:      3.63MB
MIX_ERRORS connect=0 read=0 write=0 status=0 timeout=0
