Running 10s test @ http://127.0.0.1:18401
  2 threads and 256 connections
  Thread Stats   Avg      Stdev     Max   +/- Stdev
    Latency     3.07s     1.75s    6.64s    57.96%
    Req/Sec       -nan      -nan   0.00      0.00%
  Latency Distribution (HdrHistogram - Recorded Latency)
 50.000%    3.09s 
 75.000%    4.57s 
 90.000%    5.45s 
 99.000%    6.19s 
 99.900%    6.50s 
 99.990%    6.59s 
 99.999%    6.64s 
100.000%    6.64s 

  Detailed Percentile spectrum:
       Value   Percentile   TotalCount 1/(1-Percentile)

      36.863     0.000000            1         1.00
     632.831     0.100000         2892         1.11
    1254.399     0.200000         5784         1.25
    1864.703     0.300000         8674         1.43
    2463.743     0.400000        11563         1.67
    3086.335     0.500000        14455         2.00
    3375.103     0.550000        15898         2.22
    3661.823     0.600000        17343         2.50
    3964.927     0.650000        18788         2.86
    4263.935     0.700000        20236         3.33
    4567.039     0.750000        21687         4.00
    4718.591     0.775000        22413         4.44
    4861.951     0.800000        23120         5.00
    5009.407     0.825000        23843         5.71
    5160.959     0.850000        24572         6.67
    5300.223     0.875000        25296         8.00
    5373.951     0.887500        25670         8.89
    5447.679     0.900000        26024        10.00
    5525.503     0.912500        26397        11.43
    5603.327     0.925000        26742        13.33
    5685.247     0.937500        27106        16.00
    5726.207     0.943750        27285        17.78
    5767.167     0.950000        27462        20.00
    5812.223     0.956250        27644        22.86
    5865.471     0.962500        27822        26.67
    5922.815     0.968750        28009        32.00
    5947.391     0.971875        28089        35.56
    5980.159     0.975000        28190        40.00
    6008.831     0.978125        28268        45.71
    6045.695     0.981250        28359        53.33
    6090.751     0.984375        28450        64.00
    6119.423     0.985938        28496        71.11
    6143.999     0.987500        28545        80.00
    6168.575     0.989062        28587        91.43
    6205.439     0.990625        28630       106.67
    6234.111     0.992188        28677       128.00
    6250.495     0.992969        28699       142.22
    6275.071     0.993750        28720       160.00
    6295.551     0.994531        28742       182.86
    6316.031     0.995313        28766       213.33
    6348.799     0.996094        28790       256.00
    6365.183     0.996484        28805       284.44
    6377.471     0.996875        28810       320.00
    6393.855     0.997266        28822       365.71
    6414.335     0.997656        28836       426.67
    6438.911     0.998047        28844       512.00
    6463.487     0.998242        28854       568.89
    6467.583     0.998437        28857       640.00
    6479.871     0.998633        28862       731.43
    6492.159     0.998828        28870       853.33
    6500.351     0.999023        28872      1024.00
    6504.447     0.999121        28875      1137.78
    6512.639     0.999219        28881      1280.00
    6512.639     0.999316        28881      1462.86
    6520.831     0.999414        28884      1706.67
    6537.215     0.999512        28886      2048.00
    6545.407     0.999561        28888      2275.56
    6557.695     0.999609        28890      2560.00
    6565.887     0.999658        28895      2925.71
    6565.887     0.999707        28895      3413.33
    6565.887     0.999756        28895      4096.00
    6565.887     0.999780        28895      4551.11
    6565.887     0.999805        28895      5120.00
    6574.079     0.999829        28896      5851.43
    6574.079     0.999854        28896      6826.67
    6586.367     0.999878        28899      8192.00
    6586.367     0.999890        28899      9102.22
    6586.367     0.999902        28899     10240.00
    6586.367     0.999915        28899     11702.86
    6586.367     0.999927        28899     13653.33
    6586.367     0.999939        28899     16384.00
    6586.367     0.999945        28899     18204.44
    6586.367     0.999951        28899     20480.00
    6586.367     0.999957        28899     23405.71
    6586.367     0.999963        28899     27306.67
    6639.615     0.999969        28900     32768.00
    6639.615     1.000000        28900          inf
#[Mean    =     3065.876, StdDeviation   =     1745.274]
#[Max     =     6635.520, Total count    =        28900]
#[Buckets =           27, SubBuckets     =         2048]
----------------------------------------------------------
  28902 requests in 9.99s, 15.44MB read
Requests/sec:   2893.12
Transfer/sec:      1.55MB
MIX_ERRORS connect=0 read=0 write=0 status=0 timeout=0
