Running 10s test @ http://127.0.0.1:18401
  2 threads and 256 connections
  Thread Stats   Avg      Stdev     Max   +/- Stdev
    Latency    30.03ms   17.85ms  88.00ms   64.26%
    Req/Sec       -nan      -nan   0.00      0.00%
  Latency Distribution (HdrHistogram - Recorded Latency)
 50.000%   31.41ms
 75.000%   42.53ms
 90.000%   51.90ms
 99.000%   72.25ms
 99.900%   81.60ms
 99.990%   86.01ms
 99.999%   88.06ms
100.000%   88.06ms

  Detailed Percentile spectrum:
       Value   Percentile   TotalCount 1/(1-Percentile)

       1.106     0.000000            1         1.00
       4.115     0.100000         1796         1.11
      10.919     0.200000         3589         1.25
      19.663     0.300000         5385         1.43
      26.223     0.400000         7180         1.67
      31.407     0.500000         8973         2.00
      33.439     0.550000         9870         2.22
      35.615     0.600000        10774         2.50
      37.887     0.650000        11674         2.86
      40.127     0.700000        12562         3.33
      42.527     0.750000        13460         4.00
      43.743     0.775000        13917         4.44
      44.959     0.800000        14355         5.00
      46.271     0.825000        14808         5.71
      47.711     0.850000        15251         6.67
      49.599     0.875000        15701         8.00
      50.559     0.887500        15927         8.89
      51.903     0.900000        16148        10.00
      53.343     0.912500        16375        11.43
      55.039     0.925000        16605        13.33
      57.311     0.937500        16822        16.00
      58.783     0.943750        16934        17.78
      60.479     0.950000        17048        20.00
      62.015     0.956250        17158        22.86
      63.711     0.962500        17272        26.67
      65.503     0.968750        17382        32.00
      66.239     0.971875        17438        35.56
      67.135     0.975000        17496        40.00
      67.967     0.978125        17551        45.71
      68.991     0.981250        17607        53.33
      70.079     0.984375        17663        64.00
      70.655     0.985938        17690        71.11
      71.295     0.987500        17723        80.00
      71.871     0.989062        17747        91.43
      72.639     0.990625        17776       106.67
      73.215     0.992188        17803       128.00
      73.727     0.992969        17817       142.22
      74.239     0.993750        17830       160.00
      74.687     0.994531        17844       182.86
      75.263     0.995313        17862       213.33
      75.583     0.996094        17873       256.00
      75.775     0.996484        17880       284.44
      76.735     0.996875        17888       320.00
      77.183     0.997266        17893       365.71
      77.439     0.997656        17900       426.67
      78.527     0.998047        17907       512.00
      79.295     0.998242        17911       568.89
      79.615     0.998437        17914       640.00
      80.447     0.998633        17919       731.43
      80.831     0.998828        17921       853.33
      81.855     0.999023        17926      1024.00
      81.919     0.999121        17927      1137.78
      82.047     0.999219        17928      1280.00
      82.879     0.999316        17930      1462.86
      83.199     0.999414        17932      1706.67
      83.903     0.999512        17934      2048.00
      84.095     0.999561        17935      2275.56
      84.095     0.999609        17935      2560.00
      84.159     0.999658        17936      2925.71
      84.863     0.999707        17937      3413.33
      85.375     0.999756        17938      4096.00
      85.503     0.999780        17939      4551.11
      85.503     0.999805        17939      5120.00
      85.503     0.999829        17939      5851.43
      86.015     0.999854        17940      6826.67
      86.015     0.999878        17940      8192.00
      86.975     0.999890        17941      9102.22
      86.975     0.999902        17941     10240.00
      86.975     0.999915        17941     11702.86
      86.975     0.999927        17941     13653.33
      86.975     0.999939        17941     16384.00
      88.063     0.999945        17942     18204.44
      88.063     1.000000        17942          inf
#[Mean    =       30.028, StdDeviation   =       17.846]
#[Max     =       88.000, Total count    =        17942]
#[Buckets =           27, SubBuckets     =         2048]
----------------------------------------------------------
  17955 requests in 9.99s, 9.57MB read
Requests/sec:   1797.99
Transfer/sec:      0.96MB
MIX_ERRORS connect=0 read=0 write=0 status=0 timeout=0
