Running 20s test @ http://127.0.0.1:18401
  2 threads and 256 connections
  Thread calibration: mean lat.: 2056.750ms, rate sampling interval: 7380ms
  Thread calibration: mean lat.: 2074.769ms, rate sampling interval: 7438ms
  Thread Stats   Avg      Stdev     Max   +/- Stdev
    Latency     6.16s     1.19s    8.69s    58.01%
    Req/Sec     2.83k     2.00     2.83k    50.00%
  Latency Distribution (HdrHistogram - Recorded Latency)
 50.000%    6.18s 
 75.000%    7.18s 
 90.000%    7.77s 
 99.000%    8.26s 
 99.900%    8.53s 
 99.990%    8.65s 
 99.999%    8.69s 
100.000%    8.70s 

  Detailed Percentile spectrum:
       Value   Percentile   TotalCount 1/(1-Percentile)

    3635.199     0.000000            1         1.00
    4513.791     0.100000         5308         1.11
    4911.103     0.200000        10628         1.25
    5324.799     0.300000        15933         1.43
    5750.783     0.400000        21231         1.67
    6176.767     0.500000        26531         2.00
    6385.663     0.550000        29180         2.22
    6590.463     0.600000        31822         2.50
    6787.071     0.650000        34484         2.86
    6987.775     0.700000        37138         3.33
    7184.383     0.750000        39790         4.00
    7282.687     0.775000        41105         4.44
    7385.087     0.800000        42463         5.00
    7479.295     0.825000        43772         5.71
    7577.599     0.850000        45112         6.67
    7675.903     0.875000        46456         8.00
    7725.055     0.887500        47071         8.89
    7774.207     0.900000        47745        10.00
    7827.455     0.912500        48431        11.43
    7880.703     0.925000        49095        13.33
    7933.951     0.937500        49768        16.00
    7962.623     0.943750        50093        17.78
    7991.295     0.950000        50410        20.00
    8019.967     0.956250        50746        22.86
    8052.735     0.962500        51067        26.67
    8085.503     0.968750        51388        32.00
    8101.887     0.971875        51534        35.56
    8122.367     0.975000        51716        40.00
    8146.943     0.978125        51893        45.71
    8171.519     0.981250        52056        53.33
    8200.191     0.984375        52219        64.00
    8212.479     0.985938        52285        71.11
    8228.863     0.987500        52371        80.00
    8245.247     0.989062        52455        91.43
    8265.727     0.990625        52538       106.67
    8286.207     0.992188        52619       128.00
    8298.495     0.992969        52659       142.22
    8314.879     0.993750        52701       160.00
    8327.167     0.994531        52738       182.86
    8347.647     0.995313        52781       213.33
    8372.223     0.996094        52821       256.00
    8388.607     0.996484        52845       284.44
    8396.799     0.996875        52863       320.00
    8413.183     0.997266        52885       365.71
    8429.567     0.997656        52900       426.67
    8454.143     0.998047        52927       512.00
    8462.335     0.998242        52933       568.89
    8478.719     0.998437        52948       640.00
    8486.911     0.998633        52954       731.43
    8511.487     0.998828        52965       853.33
    8536.063     0.999023        52976      1024.00
    8544.255     0.999121        52985      1137.78
    8544.255     0.999219        52985      1280.00
    8552.447     0.999316        52988      1462.86
    8560.639     0.999414        52993      1706.67
    8577.023     0.999512        53005      2048.00
    8577.023     0.999561        53005      2275.56
    8577.023     0.999609        53005      2560.00
    8585.215     0.999658        53007      2925.71
    8593.407     0.999707        53009      3413.33
    8609.791     0.999756        53014      4096.00
    8609.791     0.999780        53014      4551.11
    8609.791     0.999805        53014      5120.00
    8617.983     0.999829        53015      5851.43
    8642.559     0.999854        53018      6826.67
    8642.559     0.999878        53018      8192.00
    8650.751     0.999890        53019      9102.22
    8650.751     0.999902        53019     10240.00
    8667.135     0.999915        53021     11702.86
    8667.135     0.999927        53021     13653.33
    8667.135     0.999939        53021     16384.00
    8675.327     0.999945        53022     18204.44
    8675.327     0.999951        53022     20480.00
    8675.327     0.999957        53022     23405.71
    8691.711     0.999963        53023     27306.67
    8691.711     0.999969        53023     32768.00
    8691.711     0.999973        53023     36408.89
    8691.711     0.999976        53023     40960.00
    8691.711     0.999979        53023     46811.43
    8699.903     0.999982        53024     54613.33
    8699.903     1.000000        53024          inf
#[Mean    =     6156.039, StdDeviation   =     1192.240]
#[Max     =     8691.712, Total count    =        53024]
#[Buckets =           27, SubBuckets     =         2048]
----------------------------------------------------------
  108144 requests in 19.99s, 56.26MB read
Requests/sec:   5409.01
Transfer/sec:      2.81MB
MIX_ERRORS connect=0 read=0 write=0 status=0 timeout=0
