Running 20s test @ http://127.0.0.1:18401
  2 threads and 256 connections
  Thread calibration: mean lat.: 18.791ms, rate sampling interval: 80ms
  Thread calibration: mean lat.: 22.096ms, rate sampling interval: 87ms
  Thread Stats   Avg      Stdev     Max   +/- Stdev
    Latency    19.73ms   13.07ms  74.37ms   69.76%
    Req/Sec     1.00k   513.98     1.62k    65.02%
  Latency Distribution (HdrHistogram - Recorded Latency)
 50.000%   17.47ms
 75.000%   26.30ms
 90.000%   38.27ms
 99.000%   56.83ms
 99.900%   67.20ms
 99.990%   73.02ms
 99.999%   74.43ms
100.000%   74.43ms

  Detailed Percentile spectrum:
       Value   Percentile   TotalCount 1/(1-Percentile)

       1.097     0.000000            1         1.00
       4.911     0.100000         1875         1.11
       7.939     0.200000         3743         1.25
      11.215     0.300000         5614         1.43
      14.439     0.400000         7486         1.67
      17.471     0.500000         9356         2.00
      19.023     0.550000        10293         2.22
      20.671     0.600000        11234         2.50
      22.367     0.650000        12165         2.86
      24.223     0.700000        13100         3.33
      26.303     0.750000        14039         4.00
      27.583     0.775000        14503         4.44
      28.767     0.800000        14968         5.00
      30.239     0.825000        15436         5.71
      32.191     0.850000        15903         6.67
      34.719     0.875000        16371         8.00
      36.319     0.887500        16612         8.89
      38.271     0.900000        16839        10.00
      40.351     0.912500        17075        11.43
      43.391     0.925000        17308        13.33
      45.855     0.937500        17540        16.00
      46.847     0.943750        17657        17.78
      48.031     0.950000        17779        20.00
      49.183     0.956250        17895        22.86
      50.207     0.962500        18010        26.67
      51.327     0.968750        18127        32.00
      52.127     0.971875        18187        35.56
      52.767     0.975000        18244        40.00
      53.375     0.978125        18300        45.71
      54.207     0.981250        18359        53.33
      54.943     0.984375        18419        64.00
      55.391     0.985938        18447        71.11
      55.967     0.987500        18479        80.00
      56.447     0.989062        18506        91.43
      57.119     0.990625        18534       106.67
      58.335     0.992188        18563       128.00
      59.007     0.992969        18579       142.22
      59.519     0.993750        18593       160.00
      60.383     0.994531        18607       182.86
      61.151     0.995313        18623       213.33
      62.239     0.996094        18636       256.00
      62.687     0.996484        18644       284.44
      63.071     0.996875        18651       320.00
      63.679     0.997266        18658       365.71
      64.159     0.997656        18666       426.67
      65.087     0.998047        18673       512.00
      65.727     0.998242        18677       568.89
      65.983     0.998437        18680       640.00
      66.431     0.998633        18684       731.43
      67.199     0.998828        18690       853.33
      67.455     0.999023        18691      1024.00
      67.775     0.999121        18693      1137.78
      68.031     0.999219        18695      1280.00
      69.631     0.999316        18697      1462.86
      69.951     0.999414        18699      1706.67
      70.399     0.999512        18701      2048.00
      70.399     0.999561        18701      2275.56
      70.527     0.999609        18702      2560.00
      72.127     0.999658        18703      2925.71
      72.383     0.999707        18704      3413.33
      72.639     0.999756        18705      4096.00
      72.639     0.999780        18705      4551.11
      72.703     0.999805        18706      5120.00
      72.703     0.999829        18706      5851.43
      73.023     0.999854        18707      6826.67
      73.023     0.999878        18707      8192.00
      73.023     0.999890        18707      9102.22
      74.431     0.999902        18709     10240.00
      74.431     1.000000        18709          inf
#[Mean    =       19.731, StdDeviation   =       13.068]
#[Max     =       74.368, Total count    =        18709]
#[Buckets =           27, SubBuckets     =         2048]
----------------------------------------------------------
  38138 requests in 19.99s, 19.87MB read
Requests/sec:   1907.86
Transfer/sec:      0.99MB
MIX_ERRORS connect=0 read=0 write=0 status=0 timeout=0
