Running 20s test @ http://127.0.0.1:18401
  2 threads and 256 connections
  Thread calibration: mean lat.: 17.593ms, rate sampling interval: 70ms
  Thread calibration: mean lat.: 22.716ms, rate sampling interval: 71ms
  Thread Stats   Avg      Stdev     Max   +/- Stdev
    Latency    19.47ms   11.02ms  60.96ms   63.08%
    Req/Sec     1.01k   636.29     1.86k    51.14%
  Latency Distribution (HdrHistogram - Recorded Latency)
 50.000%   18.69ms
 75.000%   27.44ms
 90.000%   34.65ms
 99.000%   45.82ms
 99.900%   53.85ms
 99.990%   57.76ms
 99.999%   60.99ms
100.000%   60.99ms

  Detailed Percentile spectrum:
       Value   Percentile   TotalCount 1/(1-Percentile)

       0.677     0.000000            1         1.00
       5.159     0.100000         1869         1.11
       8.623     0.200000         3744         1.25
      12.135     0.300000         5608         1.43
      15.503     0.400000         7473         1.67
      18.687     0.500000         9345         2.00
      20.287     0.550000        10276         2.22
      21.935     0.600000        11206         2.50
      23.759     0.650000        12145         2.86
      25.551     0.700000        13074         3.33
      27.439     0.750000        14008         4.00
      28.415     0.775000        14479         4.44
      29.455     0.800000        14950         5.00
      30.479     0.825000        15411         5.71
      31.679     0.850000        15878         6.67
      33.055     0.875000        16346         8.00
      33.823     0.887500        16579         8.89
      34.655     0.900000        16814        10.00
      35.615     0.912500        17046        11.43
      36.607     0.925000        17278        13.33
      37.599     0.937500        17510        16.00
      38.143     0.943750        17627        17.78
      38.751     0.950000        17744        20.00
      39.423     0.956250        17865        22.86
      40.095     0.962500        17976        26.67
      41.055     0.968750        18096        32.00
      41.535     0.971875        18151        35.56
      42.175     0.975000        18212        40.00
      42.687     0.978125        18274        45.71
      43.295     0.981250        18329        53.33
      44.095     0.984375        18387        64.00
      44.415     0.985938        18414        71.11
      44.863     0.987500        18443        80.00
      45.503     0.989062        18472        91.43
      46.047     0.990625        18502       106.67
      46.591     0.992188        18532       128.00
      47.007     0.992969        18546       142.22
      47.327     0.993750        18561       160.00
      47.615     0.994531        18574       182.86
      48.127     0.995313        18589       213.33
      48.799     0.996094        18604       256.00
      49.407     0.996484        18611       284.44
      49.983     0.996875        18618       320.00
      50.495     0.997266        18626       365.71
      50.975     0.997656        18634       426.67
      51.263     0.998047        18641       512.00
      51.775     0.998242        18644       568.89
      52.095     0.998437        18647       640.00
      52.959     0.998633        18651       731.43
      53.759     0.998828        18655       853.33
      54.175     0.999023        18658      1024.00
      54.623     0.999121        18660      1137.78
      54.847     0.999219        18662      1280.00
      55.551     0.999316        18664      1462.86
      55.839     0.999414        18666      1706.67
      56.095     0.999512        18667      2048.00
      56.447     0.999561        18668      2275.56
      56.479     0.999609        18669      2560.00
      56.703     0.999658        18670      2925.71
      56.831     0.999707        18671      3413.33
      57.631     0.999756        18672      4096.00
      57.631     0.999780        18672      4551.11
      57.695     0.999805        18673      5120.00
      57.695     0.999829        18673      5851.43
      57.759     0.999854        18674      6826.67
      57.759     0.999878        18674      8192.00
      57.759     0.999890        18674      9102.22
      57.855     0.999902        18675     10240.00
      57.855     0.999915        18675     11702.86
      57.855     0.999927        18675     13653.33
      57.855     0.999939        18675     16384.00
      57.855     0.999945        18675     18204.44
      60.991     0.999951        18676     20480.00
      60.991     1.000000        18676          inf
#[Mean    =       19.467, StdDeviation   =       11.019]
#[Max     =       60.960, Total count    =        18676]
#[Buckets =           27, SubBuckets     =         2048]
----------------------------------------------------------
  38082 requests in 19.99s, 19.41MB read
Requests/sec:   1905.17
Transfer/sec:      0.97MB
MIX_ERRORS connect=0 read=0 write=0 status=0 timeout=0
