Running 20s test @ http://127.0.0.1:18401
  2 threads and 256 connections
  Thread calibration: mean lat.: 2124.351ms, rate sampling interval: 7585ms
  Thread calibration: mean lat.: 2133.926ms, rate sampling interval: 7589ms
  Thread Stats   Avg      Stdev     Max   +/- Stdev
    Latency     7.35s     1.29s   10.08s    59.26%
    Req/Sec     2.38k     9.00     2.38k    50.00%
  Latency Distribution (HdrHistogram - Recorded Latency)
 50.000%    7.38s 
 75.000%    8.45s 
 90.000%    9.08s 
 99.000%    9.60s 
 99.900%    9.83s 
 99.990%    9.98s 
 99.999%   10.08s 
100.000%   10.08s 

  Detailed Percentile spectrum:
       Value   Percentile   TotalCount 1/(1-Percentile)

    4444.159     0.000000            1         1.00
    5591.039     0.100000         4568         1.11
    6041.599     0.200000         9048         1.25
    6492.159     0.300000        13559         1.43
    6946.815     0.400000        18072         1.67
    7376.895     0.500000        22613         2.00
    7602.175     0.550000        24860         2.22
    7831.551     0.600000        27128         2.50
    8044.543     0.650000        29367         2.86
    8245.247     0.700000        31636         3.33
    8454.143     0.750000        33895         4.00
    8560.639     0.775000        35091         4.44
    8658.943     0.800000        36189         5.00
    8765.439     0.825000        37318         5.71
    8871.935     0.850000        38462         6.67
    8978.431     0.875000        39600         8.00
    9027.583     0.887500        40130         8.89
    9076.735     0.900000        40660        10.00
    9134.079     0.912500        41258        11.43
    9191.423     0.925000        41854        13.33
    9248.767     0.937500        42385        16.00
    9281.535     0.943750        42698        17.78
    9306.111     0.950000        42932        20.00
    9338.879     0.956250        43209        22.86
    9379.839     0.962500        43512        26.67
    9420.799     0.968750        43798        32.00
    9437.183     0.971875        43909        35.56
    9461.759     0.975000        44055        40.00
    9486.335     0.978125        44194        45.71
    9519.103     0.981250        44358        53.33
    9543.679     0.984375        44488        64.00
    9560.063     0.985938        44567        71.11
    9576.447     0.987500        44637        80.00
    9592.831     0.989062        44708        91.43
    9609.215     0.990625        44766       106.67
    9625.599     0.992188        44824       128.00
    9641.983     0.992969        44866       142.22
    9658.367     0.993750        44911       160.00
    9674.751     0.994531        44937       182.86
    9691.135     0.995313        44979       213.33
    9707.519     0.996094        45007       256.00
    9715.711     0.996484        45020       284.44
    9732.095     0.996875        45045       320.00
    9740.287     0.997266        45058       365.71
    9756.671     0.997656        45075       426.67
    9773.055     0.998047        45093       512.00
    9781.247     0.998242        45100       568.89
    9789.439     0.998437        45106       640.00
    9805.823     0.998633        45117       731.43
    9822.207     0.998828        45125       853.33
    9838.591     0.999023        45138      1024.00
    9838.591     0.999121        45138      1137.78
    9846.783     0.999219        45141      1280.00
    9854.975     0.999316        45148      1462.86
    9863.167     0.999414        45150      1706.67
    9879.551     0.999512        45154      2048.00
    9887.743     0.999561        45157      2275.56
    9904.127     0.999609        45160      2560.00
    9912.319     0.999658        45161      2925.71
    9928.703     0.999707        45164      3413.33
    9936.895     0.999756        45166      4096.00
    9945.087     0.999780        45168      4551.11
    9945.087     0.999805        45168      5120.00
    9961.471     0.999829        45169      5851.43
    9969.663     0.999854        45170      6826.67
    9977.855     0.999878        45172      8192.00
    9977.855     0.999890        45172      9102.22
    9977.855     0.999902        45172     10240.00
   10002.431     0.999915        45173     11702.86
   10002.431     0.999927        45173     13653.33
   10027.007     0.999939        45174     16384.00
   10027.007     0.999945        45174     18204.44
   10027.007     0.999951        45174     20480.00
   10051.583     0.999957        45175     23405.71
   10051.583     0.999963        45175     27306.67
   10051.583     0.999969        45175     32768.00
   10051.583     0.999973        45175     36408.89
   10051.583     0.999976        45175     40960.00
   10084.351     0.999979        45176     46811.43
   10084.351     1.000000        45176          inf
#[Mean    =     7349.354, StdDeviation   =     1289.713]
#[Max     =    10076.160, Total count    =        45176]
#[Buckets =           27, SubBuckets     =         2048]
----------------------------------------------------------
  94953 requests in 19.99s, 48.26MB read
Requests/sec:   4750.26
Transfer/sec:      2.41MB
MIX_ERRORS connect=0 read=0 write=0 status=0 timeout=0
