Running 20s test @ http://127.0.0.1:18401
  2 threads and 256 connections
  Thread calibration: mean lat.: 36.434ms, rate sampling interval: 126ms
  Thread calibration: mean lat.: 47.206ms, rate sampling interval: 133ms
  Thread Stats   Avg      Stdev     Max   +/- Stdev
    Latency    40.23ms   19.53ms 103.23ms   68.32%
    Req/Sec     1.00k   157.61     1.54k    77.78%
  Latency Distribution (HdrHistogram - Recorded Latency)
 50.000%   44.19ms
 75.000%   54.05ms
 90.000%   61.85ms
 99.000%   81.41ms
 99.900%   93.44ms
 99.990%   97.98ms
 99.999%  103.29ms
100.000%  103.29ms

  Detailed Percentile spectrum:
       Value   Percentile   TotalCount 1/(1-Percentile)

       1.407     0.000000            1         1.00
       7.415     0.100000         1868         1.11
      21.711     0.200000         3737         1.25
      30.575     0.300000         5602         1.43
      38.207     0.400000         7477         1.67
      44.191     0.500000         9341         2.00
      46.719     0.550000        10277         2.22
      48.767     0.600000        11210         2.50
      50.559     0.650000        12160         2.86
      52.319     0.700000        13090         3.33
      54.047     0.750000        14007         4.00
      55.007     0.775000        14485         4.44
      55.999     0.800000        14942         5.00
      57.055     0.825000        15406         5.71
      58.303     0.850000        15878         6.67
      59.935     0.875000        16346         8.00
      60.863     0.887500        16577         8.89
      61.855     0.900000        16806        10.00
      63.007     0.912500        17043        11.43
      64.575     0.925000        17275        13.33
      66.303     0.937500        17507        16.00
      67.391     0.943750        17630        17.78
      68.543     0.950000        17747        20.00
      69.759     0.956250        17859        22.86
      71.103     0.962500        17975        26.67
      72.575     0.968750        18090        32.00
      73.663     0.971875        18150        35.56
      74.687     0.975000        18208        40.00
      75.519     0.978125        18265        45.71
      76.351     0.981250        18323        53.33
      77.823     0.984375        18382        64.00
      78.783     0.985938        18412        71.11
      79.679     0.987500        18441        80.00
      80.895     0.989062        18471        91.43
      82.047     0.990625        18498       106.67
      83.839     0.992188        18528       128.00
      84.863     0.992969        18544       142.22
      85.695     0.993750        18558       160.00
      86.975     0.994531        18572       182.86
      88.255     0.995313        18586       213.33
      89.279     0.996094        18601       256.00
      89.919     0.996484        18608       284.44
      90.431     0.996875        18616       320.00
      90.751     0.997266        18622       365.71
      91.263     0.997656        18630       426.67
      91.839     0.998047        18638       512.00
      92.031     0.998242        18641       568.89
      92.479     0.998437        18644       640.00
      92.927     0.998633        18649       731.43
      93.311     0.998828        18652       853.33
      93.567     0.999023        18655      1024.00
      93.695     0.999121        18657      1137.78
      93.823     0.999219        18659      1280.00
      93.951     0.999316        18661      1462.86
      94.591     0.999414        18663      1706.67
      94.719     0.999512        18664      2048.00
      94.911     0.999561        18665      2275.56
      94.975     0.999609        18666      2560.00
      95.231     0.999658        18667      2925.71
      96.639     0.999707        18668      3413.33
      96.831     0.999756        18669      4096.00
      96.831     0.999780        18669      4551.11
      96.895     0.999805        18670      5120.00
      96.895     0.999829        18670      5851.43
      97.983     0.999854        18671      6826.67
      97.983     0.999878        18671      8192.00
      97.983     0.999890        18671      9102.22
      98.751     0.999902        18672     10240.00
      98.751     0.999915        18672     11702.86
      98.751     0.999927        18672     13653.33
      98.751     0.999939        18672     16384.00
      98.751     0.999945        18672     18204.44
     103.295     0.999951        18673     20480.00
     103.295     1.000000        18673          inf
#[Mean    =       40.234, StdDeviation   =       19.529]
#[Max     =      103.232, Total count    =        18673]
#[Buckets =           27, SubBuckets     =         2048]
----------------------------------------------------------
  37958 requests in 19.99s, 20.21MB read
Requests/sec:   1898.82
Transfer/sec:      1.01MB
MIX_ERRORS connect=0 read=0 write=0 status=0 timeout=0
