Running 20s test @ http://127.0.0.1:18401
  2 threads and 256 connections
  Thread calibration: mean lat.: 3312.881ms, rate sampling interval: 11919ms
  Thread calibration: mean lat.: 3317.538ms, rate sampling interval: 11878ms
  Thread Stats   Avg      Stdev     Max   +/- Stdev
    Latency     9.84s     1.85s   13.79s    58.65%
    Req/Sec       -nan      -nan   0.00      0.00%
  Latency Distribution (HdrHistogram - Recorded Latency)
 50.000%    9.85s 
 75.000%   11.41s 
 90.000%   12.36s 
 99.000%   13.21s 
 99.900%   13.54s 
 99.990%   13.71s 
 99.999%   13.80s 
100.000%   13.80s 

  Detailed Percentile spectrum:
       Value   Percentile   TotalCount 1/(1-Percentile)

    5955.583     0.000000            1         1.00
    7303.167     0.100000         2950         1.11
    7942.143     0.200000         5907         1.25
    8585.215     0.300000         8851         1.43
    9207.807     0.400000        11768         1.67
    9854.975     0.500000        14753         2.00
   10166.271     0.550000        16205         2.22
   10461.183     0.600000        17662         2.50
   10780.671     0.650000        19152         2.86
   11091.967     0.700000        20617         3.33
   11411.455     0.750000        22086         4.00
   11567.103     0.775000        22824         4.44
   11722.751     0.800000        23547         5.00
   11878.399     0.825000        24273         5.71
   12034.047     0.850000        25009         6.67
   12197.887     0.875000        25754         8.00
   12279.807     0.887500        26139         8.89
   12361.727     0.900000        26487        10.00
   12451.839     0.912500        26877        11.43
   12533.759     0.925000        27214        13.33
   12632.063     0.937500        27606        16.00
   12681.215     0.943750        27796        17.78
   12730.367     0.950000        27977        20.00
   12771.327     0.956250        28135        22.86
   12820.479     0.962500        28321        26.67
   12877.823     0.968750        28507        32.00
   12910.591     0.971875        28596        35.56
   12943.359     0.975000        28686        40.00
   12984.319     0.978125        28779        45.71
   13033.471     0.981250        28878        53.33
   13082.623     0.984375        28969        64.00
   13107.199     0.985938        29008        71.11
   13139.967     0.987500        29053        80.00
   13189.119     0.989062        29110        91.43
   13213.695     0.990625        29144       106.67
   13254.655     0.992188        29191       128.00
   13279.231     0.992969        29216       142.22
   13295.615     0.993750        29239       160.00
   13320.191     0.994531        29258       182.86
   13352.959     0.995313        29281       213.33
   13385.727     0.996094        29309       256.00
   13393.919     0.996484        29317       284.44
   13410.303     0.996875        29330       320.00
   13426.687     0.997266        29338       365.71
   13451.263     0.997656        29353       426.67
   13459.455     0.998047        29360       512.00
   13484.031     0.998242        29369       568.89
   13492.223     0.998437        29374       640.00
   13508.607     0.998633        29380       731.43
   13524.991     0.998828        29384       853.33
   13541.375     0.999023        29390      1024.00
   13557.759     0.999121        29395      1137.78
   13557.759     0.999219        29395      1280.00
   13565.951     0.999316        29397      1462.86
   13582.335     0.999414        29402      1706.67
   13590.527     0.999512        29403      2048.00
   13606.911     0.999561        29405      2275.56
   13615.103     0.999609        29406      2560.00
   13631.487     0.999658        29407      2925.71
   13639.679     0.999707        29409      3413.33
   13647.871     0.999756        29411      4096.00
   13647.871     0.999780        29411      4551.11
   13688.831     0.999805        29412      5120.00
   13688.831     0.999829        29412      5851.43
   13697.023     0.999854        29413      6826.67
   13705.215     0.999878        29415      8192.00
   13705.215     0.999890        29415      9102.22
   13705.215     0.999902        29415     10240.00
   13705.215     0.999915        29415     11702.86
   13705.215     0.999927        29415     13653.33
   13713.407     0.999939        29416     16384.00
   13713.407     0.999945        29416     18204.44
   13713.407     0.999951        29416     20480.00
   13713.407     0.999957        29416     23405.71
   13713.407     0.999963        29416     27306.67
   13795.327     0.999969        29417     32768.00
   13795.327     1.000000        29417          inf
#[Mean    =     9836.637, StdDeviation   =     1845.877]
#[Max     =    13787.136, Total count    =        29417]
#[Buckets =           27, SubBuckets     =         2048]
----------------------------------------------------------
  59537 requests in 19.99s, 31.65MB read
Requests/sec:   2978.43
Transfer/sec:      1.58MB
MIX_ERRORS connect=0 read=0 write=0 status=0 timeout=0
