Running 20s test @ http://127.0.0.1:18401
  2 threads and 256 connections
  Thread calibration: mean lat.: 50.148ms, rate sampling interval: 168ms
  Thread calibration: mean lat.: 59.783ms, rate sampling interval: 170ms
  Thread Stats   Avg      Stdev     Max   +/- Stdev
    Latency    56.07ms   26.07ms 199.42ms   66.66%
    Req/Sec     1.00k   158.11     1.42k    66.97%
  Latency Distribution (HdrHistogram - Recorded Latency)
 50.000%   58.91ms
 75.000%   73.98ms
 90.000%   88.06ms
 99.000%  112.13ms
 99.900%  136.19ms
 99.990%  145.02ms
 99.999%  199.55ms
100.000%  199.55ms

  Detailed Percentile spectrum:
       Value   Percentile   TotalCount 1/(1-Percentile)

       1.680     0.000000            1         1.00
      16.263     0.100000         1869         1.11
      32.255     0.200000         3738         1.25
      43.871     0.300000         5613         1.43
      52.031     0.400000         7478         1.67
      58.911     0.500000         9344         2.00
      62.015     0.550000        10275         2.22
      65.119     0.600000        11219         2.50
      67.775     0.650000        12158         2.86
      70.847     0.700000        13082         3.33
      73.983     0.750000        14027         4.00
      75.775     0.775000        14489         4.44
      77.631     0.800000        14945         5.00
      79.807     0.825000        15423         5.71
      82.111     0.850000        15880         6.67
      84.671     0.875000        16349         8.00
      86.207     0.887500        16585         8.89
      88.063     0.900000        16822        10.00
      89.919     0.912500        17052        11.43
      91.967     0.925000        17283        13.33
      94.143     0.937500        17514        16.00
      95.295     0.943750        17632        17.78
      96.575     0.950000        17750        20.00
      97.983     0.956250        17865        22.86
      99.263     0.962500        17985        26.67
     100.799     0.968750        18098        32.00
     101.631     0.971875        18158        35.56
     102.335     0.975000        18214        40.00
     103.551     0.978125        18273        45.71
     104.703     0.981250        18332        53.33
     106.303     0.984375        18390        64.00
     107.199     0.985938        18419        71.11
     108.671     0.987500        18448        80.00
     111.103     0.989062        18477        91.43
     112.639     0.990625        18507       106.67
     113.919     0.992188        18536       128.00
     114.687     0.992969        18550       142.22
     115.775     0.993750        18565       160.00
     117.567     0.994531        18581       182.86
     119.359     0.995313        18595       213.33
     120.703     0.996094        18610       256.00
     121.151     0.996484        18616       284.44
     122.751     0.996875        18623       320.00
     125.183     0.997266        18630       365.71
     128.063     0.997656        18638       426.67
     130.047     0.998047        18645       512.00
     130.559     0.998242        18649       568.89
     131.071     0.998437        18652       640.00
     132.095     0.998633        18656       731.43
     135.807     0.998828        18660       853.33
     136.575     0.999023        18663      1024.00
     136.831     0.999121        18666      1137.78
     137.215     0.999219        18667      1280.00
     137.983     0.999316        18669      1462.86
     138.751     0.999414        18671      1706.67
     139.775     0.999512        18672      2048.00
     140.543     0.999561        18674      2275.56
     140.543     0.999609        18674      2560.00
     141.183     0.999658        18675      2925.71
     141.311     0.999707        18676      3413.33
     142.207     0.999756        18677      4096.00
     142.207     0.999780        18677      4551.11
     144.127     0.999805        18678      5120.00
     144.127     0.999829        18678      5851.43
     145.023     0.999854        18679      6826.67
     145.023     0.999878        18679      8192.00
     145.023     0.999890        18679      9102.22
     198.015     0.999902        18680     10240.00
     198.015     0.999915        18680     11702.86
     198.015     0.999927        18680     13653.33
     198.015     0.999939        18680     16384.00
     198.015     0.999945        18680     18204.44
     199.551     0.999951        18681     20480.00
     199.551     1.000000        18681          inf
#[Mean    =       56.066, StdDeviation   =       26.068]
#[Max     =      199.424, Total count    =        18681]
#[Buckets =           27, SubBuckets     =         2048]
----------------------------------------------------------
  37939 requests in 19.99s, 22.40MB read
Requests/sec:   1897.61
Transfer/sec:      1.12MB
MIX_ERRORS connect=0 read=0 write=0 status=0 timeout=0
