Running 20s test @ http://127.0.0.1:18401
  2 threads and 256 connections
  Thread calibration: mean lat.: 3698.014ms, rate sampling interval: 12763ms
  Thread calibration: mean lat.: 3980.220ms, rate sampling interval: 13041ms
  Thread Stats   Avg      Stdev     Max   +/- Stdev
    Latency    10.51s     1.97s   14.57s    57.60%
    Req/Sec       -nan      -nan   0.00      0.00%
  Latency Distribution (HdrHistogram - Recorded Latency)
 50.000%   10.56s 
 75.000%   12.25s 
 90.000%   13.13s 
 99.000%   13.95s 
 99.900%   14.34s 
 99.990%   14.53s 
 99.999%   14.58s 
100.000%   14.58s 

  Detailed Percentile spectrum:
       Value   Percentile   TotalCount 1/(1-Percentile)

    6520.831     0.000000            1         1.00
    7770.111     0.100000         2668         1.11
    8470.527     0.200000         5360         1.25
    9158.655     0.300000         7999         1.43
    9814.015     0.400000        10658         1.67
   10559.487     0.500000        13349         2.00
   10895.359     0.550000        14654         2.22
   11255.807     0.600000        15997         2.50
   11599.871     0.650000        17351         2.86
   11927.551     0.700000        18660         3.33
   12247.039     0.750000        19991         4.00
   12402.687     0.775000        20665         4.44
   12550.143     0.800000        21356         5.00
   12689.407     0.825000        21986         5.71
   12836.863     0.850000        22683         6.67
   12984.319     0.875000        23328         8.00
   13058.047     0.887500        23668         8.89
   13131.775     0.900000        24006        10.00
   13205.503     0.912500        24315        11.43
   13287.423     0.925000        24654        13.33
   13377.535     0.937500        25008        16.00
   13418.495     0.943750        25147        17.78
   13467.647     0.950000        25324        20.00
   13516.799     0.956250        25484        22.86
   13574.143     0.962500        25657        26.67
   13631.487     0.968750        25829        32.00
   13664.255     0.971875        25906        35.56
   13697.023     0.975000        25980        40.00
   13737.983     0.978125        26062        45.71
   13795.327     0.981250        26157        53.33
   13844.479     0.984375        26234        64.00
   13869.055     0.985938        26279        71.11
   13893.631     0.987500        26311        80.00
   13926.399     0.989062        26354        91.43
   13967.359     0.990625        26401       106.67
   14000.127     0.992188        26435       128.00
   14024.703     0.992969        26461       142.22
   14041.087     0.993750        26479       160.00
   14065.663     0.994531        26498       182.86
   14098.431     0.995313        26520       213.33
   14139.391     0.996094        26539       256.00
   14163.967     0.996484        26551       284.44
   14180.351     0.996875        26565       320.00
   14196.735     0.997266        26573       365.71
   14221.311     0.997656        26583       426.67
   14254.079     0.998047        26591       512.00
   14278.655     0.998242        26598       568.89
   14295.039     0.998437        26604       640.00
   14311.423     0.998633        26610       731.43
   14319.615     0.998828        26613       853.33
   14344.191     0.999023        26618      1024.00
   14360.575     0.999121        26620      1137.78
   14385.151     0.999219        26623      1280.00
   14401.535     0.999316        26625      1462.86
   14417.919     0.999414        26629      1706.67
   14442.495     0.999512        26631      2048.00
   14450.687     0.999561        26632      2275.56
   14467.071     0.999609        26633      2560.00
   14475.263     0.999658        26634      2925.71
   14491.647     0.999707        26637      3413.33
   14491.647     0.999756        26637      4096.00
   14524.415     0.999780        26638      4551.11
   14524.415     0.999805        26638      5120.00
   14532.607     0.999829        26640      5851.43
   14532.607     0.999854        26640      6826.67
   14532.607     0.999878        26640      8192.00
   14540.799     0.999890        26641      9102.22
   14540.799     0.999902        26641     10240.00
   14540.799     0.999915        26641     11702.86
   14557.183     0.999927        26642     13653.33
   14557.183     0.999939        26642     16384.00
   14557.183     0.999945        26642     18204.44
   14557.183     0.999951        26642     20480.00
   14557.183     0.999957        26642     23405.71
   14581.759     0.999963        26643     27306.67
   14581.759     1.000000        26643          inf
#[Mean    =    10507.950, StdDeviation   =     1966.729]
#[Max     =    14573.568, Total count    =        26643]
#[Buckets =           27, SubBuckets     =         2048]
----------------------------------------------------------
  52126 requests in 19.99s, 30.68MB read
Requests/sec:   2607.66
Transfer/sec:      1.53MB
MIX_ERRORS connect=0 read=0 write=0 status=0 timeout=0
