Running 20s test @ http://127.0.0.1:18401
  2 threads and 256 connections
  Thread calibration: mean lat.: 23.785ms, rate sampling interval: 94ms
  Thread calibration: mean lat.: 34.202ms, rate sampling interval: 100ms
  Thread Stats   Avg      Stdev     Max   +/- Stdev
    Latency    27.82ms   16.04ms  89.92ms   62.98%
    Req/Sec     1.01k   330.46     1.70k    69.79%
  Latency Distribution (HdrHistogram - Recorded Latency)
 50.000%   28.74ms
 75.000%   39.49ms
 90.000%   47.90ms
 99.000%   65.34ms
 99.900%   82.88ms
 99.990%   89.41ms
 99.999%   89.98ms
100.000%   89.98ms

  Detailed Percentile spectrum:
       Value   Percentile   TotalCount 1/(1-Percentile)

       1.294     0.000000            1         1.00
       4.591     0.100000         1871         1.11
      11.007     0.200000         3735         1.25
      18.191     0.300000         5604         1.43
      23.807     0.400000         7472         1.67
      28.735     0.500000         9340         2.00
      30.847     0.550000        10272         2.22
      32.959     0.600000        11205         2.50
      35.135     0.650000        12142         2.86
      37.343     0.700000        13078         3.33
      39.487     0.750000        14014         4.00
      40.671     0.775000        14482         4.44
      41.951     0.800000        14953         5.00
      43.295     0.825000        15413         5.71
      44.703     0.850000        15878         6.67
      46.143     0.875000        16346         8.00
      46.911     0.887500        16578         8.89
      47.903     0.900000        16812        10.00
      48.959     0.912500        17043        11.43
      50.143     0.925000        17282        13.33
      51.711     0.937500        17512        16.00
      52.511     0.943750        17625        17.78
      53.407     0.950000        17744        20.00
      54.399     0.956250        17863        22.86
      55.487     0.962500        17977        26.67
      56.767     0.968750        18095        32.00
      57.535     0.971875        18150        35.56
      58.399     0.975000        18211        40.00
      59.327     0.978125        18268        45.71
      60.479     0.981250        18325        53.33
      61.791     0.984375        18384        64.00
      62.367     0.985938        18413        71.11
      63.263     0.987500        18442        80.00
      64.575     0.989062        18471        91.43
      66.047     0.990625        18503       106.67
      67.263     0.992188        18534       128.00
      67.775     0.992969        18545       142.22
      68.543     0.993750        18559       160.00
      69.311     0.994531        18574       182.86
      70.015     0.995313        18589       213.33
      71.231     0.996094        18604       256.00
      71.615     0.996484        18610       284.44
      72.703     0.996875        18617       320.00
      73.407     0.997266        18624       365.71
      74.879     0.997656        18632       426.67
      76.543     0.998047        18639       512.00
      78.911     0.998242        18643       568.89
      79.743     0.998437        18646       640.00
      80.959     0.998633        18650       731.43
      82.431     0.998828        18654       853.33
      82.879     0.999023        18657      1024.00
      83.775     0.999121        18659      1137.78
      84.735     0.999219        18661      1280.00
      85.503     0.999316        18663      1462.86
      85.695     0.999414        18665      1706.67
      86.399     0.999512        18667      2048.00
      86.399     0.999561        18667      2275.56
      86.847     0.999609        18668      2560.00
      87.679     0.999658        18669      2925.71
      88.191     0.999707        18670      3413.33
      88.255     0.999756        18671      4096.00
      88.255     0.999780        18671      4551.11
      88.511     0.999805        18672      5120.00
      88.511     0.999829        18672      5851.43
      89.407     0.999854        18673      6826.67
      89.407     0.999878        18673      8192.00
      89.407     0.999890        18673      9102.22
      89.855     0.999902        18674     10240.00
      89.855     0.999915        18674     11702.86
      89.855     0.999927        18674     13653.33
      89.855     0.999939        18674     16384.00
      89.855     0.999945        18674     18204.44
      89.983     0.999951        18675     20480.00
      89.983     1.000000        18675          inf
#[Mean    =       27.820, StdDeviation   =       16.044]
#[Max     =       89.920, Total count    =        18675]
#[Buckets =           27, SubBuckets     =         2048]
----------------------------------------------------------
  37991 requests in 19.98s, 20.23MB read
Requests/sec:   1901.30
Transfer/sec:      1.01MB
MIX_ERRORS connect=0 read=0 write=0 status=0 timeout=0
