Running 20s test @ http://127.0.0.1:18401
  2 threads and 256 connections
  Thread calibration: mean lat.: 3248.917ms, rate sampling interval: 11681ms
  Thread calibration: mean lat.: 3273.012ms, rate sampling interval: 11689ms
  Thread Stats   Avg      Stdev     Max   +/- Stdev
    Latency     9.70s     1.85s   13.71s    59.03%
    Req/Sec       -nan      -nan   0.00      0.00%
  Latency Distribution (HdrHistogram - Recorded Latency)
 50.000%    9.71s 
 75.000%   11.26s 
 90.000%   12.22s 
 99.000%   13.15s 
 99.900%   13.53s 
 99.990%   13.65s 
 99.999%   13.71s 
100.000%   13.71s 

  Detailed Percentile spectrum:
       Value   Percentile   TotalCount 1/(1-Percentile)

    6086.655     0.000000            1         1.00
    7167.999     0.100000         3007         1.11
    7811.071     0.200000         6008         1.25
    8429.567     0.300000         9004         1.43
    9060.351     0.400000        12005         1.67
    9707.519     0.500000        15025         2.00
   10027.007     0.550000        16518         2.22
   10330.111     0.600000        17986         2.50
   10641.407     0.650000        19496         2.86
   10960.895     0.700000        21020         3.33
   11263.999     0.750000        22485         4.00
   11419.647     0.775000        23231         4.44
   11583.487     0.800000        24006         5.00
   11730.943     0.825000        24755         5.71
   11894.783     0.850000        25519         6.67
   12058.623     0.875000        26260         8.00
   12140.543     0.887500        26629         8.89
   12222.463     0.900000        26998        10.00
   12312.575     0.912500        27374        11.43
   12394.495     0.925000        27733        13.33
   12500.991     0.937500        28123        16.00
   12550.143     0.943750        28302        17.78
   12607.487     0.950000        28493        20.00
   12664.831     0.956250        28664        22.86
   12738.559     0.962500        28867        26.67
   12820.479     0.968750        29055        32.00
   12853.247     0.971875        29136        35.56
   12894.207     0.975000        29237        40.00
   12935.167     0.978125        29323        45.71
   12984.319     0.981250        29413        53.33
   13041.663     0.984375        29509        64.00
   13066.239     0.985938        29555        71.11
   13099.007     0.987500        29608        80.00
   13131.775     0.989062        29658        91.43
   13164.543     0.990625        29697       106.67
   13205.503     0.992188        29754       128.00
   13213.695     0.992969        29767       142.22
   13246.463     0.993750        29791       160.00
   13271.039     0.994531        29812       182.86
   13295.615     0.995313        29838       213.33
   13336.575     0.996094        29864       256.00
   13344.767     0.996484        29870       284.44
   13361.151     0.996875        29882       320.00
   13393.919     0.997266        29894       365.71
   13418.495     0.997656        29908       426.67
   13443.071     0.998047        29918       512.00
   13459.455     0.998242        29924       568.89
   13475.839     0.998437        29933       640.00
   13484.031     0.998633        29935       731.43
   13516.799     0.998828        29940       853.33
   13533.183     0.999023        29948      1024.00
   13541.375     0.999121        29949      1137.78
   13557.759     0.999219        29953      1280.00
   13565.951     0.999316        29956      1462.86
   13582.335     0.999414        29959      1706.67
   13590.527     0.999512        29961      2048.00
   13598.719     0.999561        29965      2275.56
   13598.719     0.999609        29965      2560.00
   13598.719     0.999658        29965      2925.71
   13606.911     0.999707        29969      3413.33
   13606.911     0.999756        29969      4096.00
   13606.911     0.999780        29969      4551.11
   13631.487     0.999805        29970      5120.00
   13631.487     0.999829        29970      5851.43
   13639.679     0.999854        29971      6826.67
   13647.871     0.999878        29973      8192.00
   13647.871     0.999890        29973      9102.22
   13647.871     0.999902        29973     10240.00
   13647.871     0.999915        29973     11702.86
   13647.871     0.999927        29973     13653.33
   13688.831     0.999939        29974     16384.00
   13688.831     0.999945        29974     18204.44
   13688.831     0.999951        29974     20480.00
   13688.831     0.999957        29974     23405.71
   13688.831     0.999963        29974     27306.67
   13713.407     0.999969        29975     32768.00
   13713.407     1.000000        29975          inf
#[Mean    =     9702.019, StdDeviation   =     1850.345]
#[Max     =    13705.216, Total count    =        29975]
#[Buckets =           27, SubBuckets     =         2048]
----------------------------------------------------------
  60812 requests in 19.98s, 32.33MB read
Requests/sec:   3043.35
Transfer/sec:      1.62MB
MIX_ERRORS connect=0 read=0 write=0 status=0 timeout=0
