Running 20s test @ http://127.0.0.1:18401
  2 threads and 256 connections
  Thread calibration: mean lat.: 35.309ms, rate sampling interval: 134ms
  Thread calibration: mean lat.: 47.089ms, rate sampling interval: 141ms
  Thread Stats   Avg      Stdev     Max   +/- Stdev
    Latency    42.04ms   23.37ms 132.99ms   64.73%
    Req/Sec     1.00k   124.86     1.48k    76.30%
  Latency Distribution (HdrHistogram - Recorded Latency)
 50.000%   42.43ms
 75.000%   58.05ms
 90.000%   71.29ms
 99.000%  102.08ms
 99.900%  122.30ms
 99.990%  129.28ms
 99.999%  133.12ms
100.000%  133.12ms

  Detailed Percentile spectrum:
       Value   Percentile   TotalCount 1/(1-Percentile)

       1.295     0.000000            1         1.00
      10.071     0.100000         1869         1.11
      19.039     0.200000         3736         1.25
      27.215     0.300000         5601         1.43
      35.231     0.400000         7468         1.67
      42.431     0.500000         9340         2.00
      45.855     0.550000        10268         2.22
      48.991     0.600000        11212         2.50
      51.903     0.650000        12141         2.86
      54.815     0.700000        13071         3.33
      58.047     0.750000        14013         4.00
      59.871     0.775000        14470         4.44
      61.855     0.800000        14934         5.00
      63.839     0.825000        15401         5.71
      65.983     0.850000        15871         6.67
      68.479     0.875000        16339         8.00
      69.823     0.887500        16571         8.89
      71.295     0.900000        16809        10.00
      73.023     0.912500        17038        11.43
      75.263     0.925000        17273        13.33
      77.823     0.937500        17504        16.00
      79.487     0.943750        17620        17.78
      80.831     0.950000        17743        20.00
      82.431     0.956250        17851        22.86
      84.543     0.962500        17967        26.67
      86.975     0.968750        18088        32.00
      88.319     0.971875        18143        35.56
      89.855     0.975000        18205        40.00
      92.159     0.978125        18259        45.71
      94.207     0.981250        18322        53.33
      96.255     0.984375        18377        64.00
      97.855     0.985938        18406        71.11
      99.775     0.987500        18434        80.00
     101.247     0.989062        18463        91.43
     102.783     0.990625        18492       106.67
     104.959     0.992188        18522       128.00
     106.239     0.992969        18536       142.22
     107.839     0.993750        18551       160.00
     109.183     0.994531        18565       182.86
     110.719     0.995313        18580       213.33
     112.127     0.996094        18595       256.00
     113.279     0.996484        18603       284.44
     113.855     0.996875        18609       320.00
     114.879     0.997266        18618       365.71
     116.479     0.997656        18624       426.67
     117.823     0.998047        18632       512.00
     119.103     0.998242        18635       568.89
     119.551     0.998437        18638       640.00
     120.447     0.998633        18642       731.43
     121.407     0.998828        18646       853.33
     122.431     0.999023        18649      1024.00
     122.815     0.999121        18651      1137.78
     123.263     0.999219        18653      1280.00
     123.519     0.999316        18655      1462.86
     124.095     0.999414        18657      1706.67
     124.479     0.999512        18658      2048.00
     124.607     0.999561        18659      2275.56
     124.735     0.999609        18660      2560.00
     125.055     0.999658        18661      2925.71
     127.487     0.999707        18662      3413.33
     127.551     0.999756        18663      4096.00
     127.551     0.999780        18663      4551.11
     128.511     0.999805        18664      5120.00
     128.511     0.999829        18664      5851.43
     129.279     0.999854        18666      6826.67
     129.279     0.999878        18666      8192.00
     129.279     0.999890        18666      9102.22
     129.279     0.999902        18666     10240.00
     129.279     0.999915        18666     11702.86
     129.279     0.999927        18666     13653.33
     129.279     0.999939        18666     16384.00
     129.279     0.999945        18666     18204.44
     133.119     0.999951        18667     20480.00
     133.119     1.000000        18667          inf
#[Mean    =       42.036, StdDeviation   =       23.366]
#[Max     =      132.992, Total count    =        18667]
#[Buckets =           27, SubBuckets     =         2048]
----------------------------------------------------------
  37971 requests in 19.98s, 22.42MB read
Requests/sec:   1900.19
Transfer/sec:      1.12MB
MIX_ERRORS connect=0 read=0 write=0 status=0 timeout=0
