Running 20s test @ http://127.0.0.1:18401
  2 threads and 256 connections
  Thread calibration: mean lat.: 3498.919ms, rate sampling interval: 12410ms
  Thread calibration: mean lat.: 3849.045ms, rate sampling interval: 12795ms
  Thread Stats   Avg      Stdev     Max   +/- Stdev
    Latency    10.18s     1.90s   14.15s    58.44%
    Req/Sec       -nan      -nan   0.00      0.00%
  Latency Distribution (HdrHistogram - Recorded Latency)
 50.000%   10.15s 
 75.000%   11.80s 
 90.000%   12.78s 
 99.000%   13.62s 
 99.900%   13.89s 
 99.990%   14.05s 
 99.999%   14.16s 
100.000%   14.16s 

  Detailed Percentile spectrum:
       Value   Percentile   TotalCount 1/(1-Percentile)

    6512.639     0.000000            1         1.00
    7577.599     0.100000         2838         1.11
    8232.959     0.200000         5672         1.25
    8863.743     0.300000         8510         1.43
    9519.103     0.400000        11327         1.67
   10149.887     0.500000        14158         2.00
   10502.143     0.550000        15567         2.22
   10846.207     0.600000        16991         2.50
   11165.695     0.650000        18418         2.86
   11468.799     0.700000        19798         3.33
   11804.671     0.750000        21221         4.00
   11976.703     0.775000        21945         4.44
   12124.159     0.800000        22625         5.00
   12279.807     0.825000        23347         5.71
   12443.647     0.850000        24053         6.67
   12607.487     0.875000        24763         8.00
   12689.407     0.887500        25126         8.89
   12779.519     0.900000        25471        10.00
   12861.439     0.912500        25804        11.43
   12951.551     0.925000        26169        13.33
   13049.855     0.937500        26546        16.00
   13099.007     0.943750        26713        17.78
   13148.159     0.950000        26892        20.00
   13197.311     0.956250        27042        22.86
   13262.847     0.962500        27238        26.67
   13328.383     0.968750        27409        32.00
   13361.151     0.971875        27490        35.56
   13393.919     0.975000        27590        40.00
   13434.879     0.978125        27683        45.71
   13467.647     0.981250        27750        53.33
   13516.799     0.984375        27844        64.00
   13541.375     0.985938        27884        71.11
   13565.951     0.987500        27927        80.00
   13590.527     0.989062        27971        91.43
   13623.295     0.990625        28011       106.67
   13664.255     0.992188        28067       128.00
   13680.639     0.992969        28089       142.22
   13697.023     0.993750        28103       160.00
   13713.407     0.994531        28126       182.86
   13737.983     0.995313        28149       213.33
   13762.559     0.996094        28171       256.00
   13778.943     0.996484        28184       284.44
   13787.135     0.996875        28191       320.00
   13803.519     0.997266        28202       365.71
   13819.903     0.997656        28214       426.67
   13836.287     0.998047        28223       512.00
   13844.479     0.998242        28228       568.89
   13852.671     0.998437        28232       640.00
   13877.247     0.998633        28242       731.43
   13885.439     0.998828        28245       853.33
   13893.631     0.999023        28249      1024.00
   13910.015     0.999121        28256      1137.78
   13910.015     0.999219        28256      1280.00
   13918.207     0.999316        28258      1462.86
   13926.399     0.999414        28261      1706.67
   13942.783     0.999512        28263      2048.00
   13950.975     0.999561        28267      2275.56
   13950.975     0.999609        28267      2560.00
   13950.975     0.999658        28267      2925.71
   13975.551     0.999707        28269      3413.33
   13983.743     0.999756        28270      4096.00
   13983.743     0.999780        28270      4551.11
   14000.127     0.999805        28271      5120.00
   14041.087     0.999829        28272      5851.43
   14041.087     0.999854        28272      6826.67
   14049.279     0.999878        28273      8192.00
   14049.279     0.999890        28273      9102.22
   14082.047     0.999902        28275     10240.00
   14082.047     0.999915        28275     11702.86
   14082.047     0.999927        28275     13653.33
   14082.047     0.999939        28275     16384.00
   14082.047     0.999945        28275     18204.44
   14082.047     0.999951        28275     20480.00
   14082.047     0.999957        28275     23405.71
   14082.047     0.999963        28275     27306.67
   14155.775     0.999969        28276     32768.00
   14155.775     1.000000        28276          inf
#[Mean    =    10175.985, StdDeviation   =     1898.964]
#[Max     =    14147.584, Total count    =        28276]
#[Buckets =           27, SubBuckets     =         2048]
----------------------------------------------------------
  55594 requests in 19.98s, 32.70MB read
Requests/sec:   2781.93
Transfer/sec:      1.64MB
MIX_ERRORS connect=0 read=0 write=0 status=0 timeout=0
