Running 10s test @ http://127.0.0.1:18401
  2 threads and 256 connections
  Thread Stats   Avg      Stdev     Max   +/- Stdev
    Latency     1.79s     1.03s    3.96s    57.98%
    Req/Sec       -nan      -nan   0.00      0.00%
  Latency Distribution (HdrHistogram - Recorded Latency)
 50.000%    1.76s 
 75.000%    2.70s 
 90.000%    3.22s 
 99.000%    3.64s 
 99.900%    3.80s 
 99.990%    3.89s 
 99.999%    3.96s 
100.000%    3.96s 

  Detailed Percentile spectrum:
       Value   Percentile   TotalCount 1/(1-Percentile)

      11.799     0.000000            1         1.00
     386.047     0.100000         5425         1.11
     733.695     0.200000        10852         1.25
    1068.031     0.300000        16277         1.43
    1406.975     0.400000        21707         1.67
    1761.279     0.500000        27123         2.00
    1946.623     0.550000        29833         2.22
    2144.255     0.600000        32568         2.50
    2330.623     0.650000        35274         2.86
    2516.991     0.700000        37985         3.33
    2699.263     0.750000        40687         4.00
    2785.279     0.775000        42059         4.44
    2871.295     0.800000        43406         5.00
    2961.407     0.825000        44780         5.71
    3047.423     0.850000        46104         6.67
    3133.439     0.875000        47465         8.00
    3178.495     0.887500        48148         8.89
    3223.551     0.900000        48830        10.00
    3266.559     0.912500        49494        11.43
    3311.615     0.925000        50166        13.33
    3360.767     0.937500        50855        16.00
    3385.343     0.943750        51188        17.78
    3411.967     0.950000        51527        20.00
    3438.591     0.956250        51874        22.86
    3465.215     0.962500        52199        26.67
    3495.935     0.968750        52550        32.00
    3512.319     0.971875        52721        35.56
    3530.751     0.975000        52889        40.00
    3547.135     0.978125        53067        45.71
    3563.519     0.981250        53216        53.33
    3588.095     0.984375        53389        64.00
    3602.431     0.985938        53484        71.11
    3614.719     0.987500        53563        80.00
    3629.055     0.989062        53648        91.43
    3645.439     0.990625        53732       106.67
    3661.823     0.992188        53815       128.00
    3672.063     0.992969        53854       142.22
    3684.351     0.993750        53895       160.00
    3698.687     0.994531        53936       182.86
    3715.071     0.995313        53980       213.33
    3729.407     0.996094        54024       256.00
    3735.551     0.996484        54046       284.44
    3743.743     0.996875        54063       320.00
    3756.031     0.997266        54087       365.71
    3762.175     0.997656        54109       426.67
    3768.319     0.998047        54129       512.00
    3774.463     0.998242        54141       568.89
    3780.607     0.998437        54149       640.00
    3784.703     0.998633        54158       731.43
    3790.847     0.998828        54169       853.33
    3801.087     0.999023        54184      1024.00
    3803.135     0.999121        54186      1137.78
    3809.279     0.999219        54191      1280.00
    3815.423     0.999316        54195      1462.86
    3823.615     0.999414        54201      1706.67
    3833.855     0.999512        54207      2048.00
    3835.903     0.999561        54210      2275.56
    3837.951     0.999609        54212      2560.00
    3842.047     0.999658        54214      2925.71
    3852.287     0.999707        54217      3413.33
    3856.383     0.999756        54220      4096.00
    3862.527     0.999780        54221      4551.11
    3864.575     0.999805        54222      5120.00
    3866.623     0.999829        54223      5851.43
    3880.959     0.999854        54225      6826.67
    3883.007     0.999878        54226      8192.00
    3893.247     0.999890        54228      9102.22
    3893.247     0.999902        54228     10240.00
    3893.247     0.999915        54228     11702.86
    3921.919     0.999927        54229     13653.33
    3921.919     0.999939        54229     16384.00
    3942.399     0.999945        54230     18204.44
    3942.399     0.999951        54230     20480.00
    3942.399     0.999957        54230     23405.71
    3956.735     0.999963        54231     27306.67
    3956.735     0.999969        54231     32768.00
    3956.735     0.999973        54231     36408.89
    3956.735     0.999976        54231     40960.00
    3956.735     0.999979        54231     46811.43
    3958.783     0.999982        54232     54613.33
    3958.783     1.000000        54232          inf
#[Mean    =     1793.435, StdDeviation   =     1033.799]
#[Max     =     3956.736, Total count    =        54232]
#[Buckets =           27, SubBuckets     =         2048]
----------------------------------------------------------
  54234 requests in 9.98s, 28.48MB read
Requests/sec:   5433.51
Transfer/sec:      2.85MB
MIX_ERRORS connect=0 read=0 write=0 status=0 timeout=0
