Running 10s test @ http://127.0.0.1:18401
  2 threads and 256 connections
  Thread Stats   Avg      Stdev     Max   +/- Stdev
    Latency     8.58ms    9.21ms  57.09ms   89.35%
    Req/Sec       -nan      -nan   0.00      0.00%
  Latency Distribution (HdrHistogram - Recorded Latency)
 50.000%    5.25ms
 75.000%    9.35ms
 90.000%   18.83ms
 99.000%   46.65ms
 99.900%   55.26ms
 99.990%   56.83ms
 99.999%   57.12ms
100.000%   57.12ms

  Detailed Percentile spectrum:
       Value   Percentile   TotalCount 1/(1-Percentile)

       0.866     0.000000            1         1.00
       2.493     0.100000         1809         1.11
       3.101     0.200000         3613         1.25
       3.711     0.300000         5420         1.43
       4.379     0.400000         7228         1.67
       5.251     0.500000         9029         2.00
       5.807     0.550000         9932         2.22
       6.499     0.600000        10835         2.50
       7.251     0.650000        11737         2.86
       8.191     0.700000        12642         3.33
       9.351     0.750000        13541         4.00
      10.007     0.775000        13994         4.44
      10.911     0.800000        14443         5.00
      11.951     0.825000        14894         5.71
      13.455     0.850000        15346         6.67
      15.583     0.875000        15798         8.00
      17.007     0.887500        16024         8.89
      18.831     0.900000        16248        10.00
      20.575     0.912500        16476        11.43
      23.311     0.925000        16702        13.33
      26.959     0.937500        16925        16.00
      29.567     0.943750        17038        17.78
      31.695     0.950000        17151        20.00
      33.759     0.956250        17269        22.86
      35.743     0.962500        17378        26.67
      37.439     0.968750        17489        32.00
      38.431     0.971875        17547        35.56
      39.455     0.975000        17603        40.00
      40.671     0.978125        17661        45.71
      42.143     0.981250        17715        53.33
      43.551     0.984375        17773        64.00
      44.383     0.985938        17800        71.11
      45.023     0.987500        17829        80.00
      46.143     0.989062        17857        91.43
      47.007     0.990625        17886       106.67
      48.223     0.992188        17912       128.00
      48.991     0.992969        17927       142.22
      49.535     0.993750        17941       160.00
      50.047     0.994531        17956       182.86
      50.687     0.995313        17970       213.33
      51.423     0.996094        17984       256.00
      51.903     0.996484        17991       284.44
      52.479     0.996875        17997       320.00
      53.087     0.997266        18004       365.71
      53.439     0.997656        18011       426.67
      53.983     0.998047        18018       512.00
      54.239     0.998242        18022       568.89
      54.431     0.998437        18025       640.00
      54.751     0.998633        18029       731.43
      55.007     0.998828        18032       853.33
      55.327     0.999023        18036      1024.00
      55.423     0.999121        18038      1137.78
      55.487     0.999219        18039      1280.00
      55.679     0.999316        18041      1462.86
      55.743     0.999414        18043      1706.67
      55.839     0.999512        18045      2048.00
      55.999     0.999561        18046      2275.56
      55.999     0.999609        18046      2560.00
      56.191     0.999658        18047      2925.71
      56.319     0.999707        18048      3413.33
      56.479     0.999756        18049      4096.00
      56.799     0.999780        18050      4551.11
      56.799     0.999805        18050      5120.00
      56.799     0.999829        18050      5851.43
      56.831     0.999854        18051      6826.67
      56.831     0.999878        18051      8192.00
      56.959     0.999890        18052      9102.22
      56.959     0.999902        18052     10240.00
      56.959     0.999915        18052     11702.86
      56.959     0.999927        18052     13653.33
      56.959     0.999939        18052     16384.00
      57.119     0.999945        18053     18204.44
      57.119     1.000000        18053          inf
#[Mean    =        8.585, StdDeviation   =        9.207]
#[Max     =       57.088, Total count    =        18053]
#[Buckets =           27, SubBuckets     =         2048]
----------------------------------------------------------
  18059 requests in 9.98s, 9.48MB read
Requests/sec:   1809.04
Transfer/sec:      0.95MB
MIX_ERRORS connect=0 read=0 write=0 status=0 timeout=0
