Running 20s test @ http://127.0.0.1:18401
  2 threads and 256 connections
  Thread calibration: mean lat.: 12.889ms, rate sampling interval: 57ms
  Thread calibration: mean lat.: 19.010ms, rate sampling interval: 62ms
  Thread Stats   Avg      Stdev     Max   +/- Stdev
    Latency    15.61ms    9.96ms  66.05ms   64.50%
    Req/Sec     1.01k   797.92     2.29k    50.16%
  Latency Distribution (HdrHistogram - Recorded Latency)
 50.000%   14.26ms
 75.000%   22.11ms
 90.000%   29.53ms
 99.000%   42.14ms
 99.900%   53.47ms
 99.990%   60.61ms
 99.999%   66.11ms
100.000%   66.11ms

  Detailed Percentile spectrum:
       Value   Percentile   TotalCount 1/(1-Percentile)

       0.780     0.000000            1         1.00
       3.617     0.100000         1867         1.11
       6.003     0.200000         3731         1.25
       8.719     0.300000         5598         1.43
      11.551     0.400000         7463         1.67
      14.263     0.500000         9329         2.00
      15.671     0.550000        10271         2.22
      17.087     0.600000        11199         2.50
      18.591     0.650000        12124         2.86
      20.303     0.700000        13067         3.33
      22.111     0.750000        13999         4.00
      23.119     0.775000        14465         4.44
      24.159     0.800000        14925         5.00
      25.311     0.825000        15395         5.71
      26.543     0.850000        15858         6.67
      27.967     0.875000        16322         8.00
      28.655     0.887500        16555         8.89
      29.535     0.900000        16791        10.00
      30.463     0.912500        17024        11.43
      31.615     0.925000        17257        13.33
      32.751     0.937500        17487        16.00
      33.439     0.943750        17610        17.78
      34.111     0.950000        17720        20.00
      34.783     0.956250        17838        22.86
      35.647     0.962500        17956        26.67
      36.607     0.968750        18073        32.00
      37.183     0.971875        18130        35.56
      37.759     0.975000        18189        40.00
      38.463     0.978125        18246        45.71
      39.167     0.981250        18304        53.33
      39.999     0.984375        18363        64.00
      40.447     0.985938        18390        71.11
      41.023     0.987500        18419        80.00
      41.759     0.989062        18448        91.43
      42.335     0.990625        18480       106.67
      43.039     0.992188        18507       128.00
      43.423     0.992969        18521       142.22
      43.743     0.993750        18536       160.00
      44.383     0.994531        18550       182.86
      45.183     0.995313        18566       213.33
      46.079     0.996094        18580       256.00
      47.007     0.996484        18588       284.44
      47.807     0.996875        18594       320.00
      48.479     0.997266        18601       365.71
      49.087     0.997656        18609       426.67
      50.143     0.998047        18616       512.00
      50.655     0.998242        18620       568.89
      51.391     0.998437        18623       640.00
      52.191     0.998633        18627       731.43
      52.895     0.998828        18631       853.33
      54.111     0.999023        18634      1024.00
      54.527     0.999121        18636      1137.78
      55.039     0.999219        18638      1280.00
      55.423     0.999316        18640      1462.86
      55.487     0.999414        18642      1706.67
      56.543     0.999512        18643      2048.00
      56.767     0.999561        18644      2275.56
      56.831     0.999609        18645      2560.00
      57.087     0.999658        18646      2925.71
      57.119     0.999707        18647      3413.33
      59.007     0.999756        18648      4096.00
      59.007     0.999780        18648      4551.11
      60.479     0.999805        18649      5120.00
      60.479     0.999829        18649      5851.43
      60.607     0.999854        18650      6826.67
      60.607     0.999878        18650      8192.00
      60.607     0.999890        18650      9102.22
      61.183     0.999902        18651     10240.00
      61.183     0.999915        18651     11702.86
      61.183     0.999927        18651     13653.33
      61.183     0.999939        18651     16384.00
      61.183     0.999945        18651     18204.44
      66.111     0.999951        18652     20480.00
      66.111     1.000000        18652          inf
#[Mean    =       15.610, StdDeviation   =        9.956]
#[Max     =       66.048, Total count    =        18652]
#[Buckets =           27, SubBuckets     =         2048]
----------------------------------------------------------
  38064 requests in 19.98s, 19.39MB read
Requests/sec:   1904.95
Transfer/sec:      0.97MB
MIX_ERRORS connect=0 read=0 write=0 status=0 timeout=0
