Running 20s test @ http://127.0.0.1:18401
  2 threads and 256 connections
  Thread calibration: mean lat.: 2140.265ms, rate sampling interval: 7688ms
  Thread calibration: mean lat.: 2153.115ms, rate sampling interval: 7741ms
  Thread Stats   Avg      Stdev     Max   +/- Stdev
    Latency     6.31s     1.19s    9.04s    58.70%
    Req/Sec     2.80k    11.00     2.82k    50.00%
  Latency Distribution (HdrHistogram - Recorded Latency)
 50.000%    6.31s 
 75.000%    7.33s 
 90.000%    7.95s 
 99.000%    8.47s 
 99.900%    8.72s 
 99.990%    8.90s 
 99.999%    9.00s 
100.000%    9.04s 

  Detailed Percentile spectrum:
       Value   Percentile   TotalCount 1/(1-Percentile)

    3688.447     0.000000            1         1.00
    4677.631     0.100000         5237         1.11
    5095.423     0.200000        10493         1.25
    5492.735     0.300000        15668         1.43
    5910.527     0.400000        20906         1.67
    6307.839     0.500000        26097         2.00
    6504.447     0.550000        28714         2.22
    6709.247     0.600000        31317         2.50
    6922.239     0.650000        33948         2.86
    7127.039     0.700000        36543         3.33
    7331.839     0.750000        39150         4.00
    7434.239     0.775000        40463         4.44
    7532.543     0.800000        41768         5.00
    7639.039     0.825000        43085         5.71
    7741.439     0.850000        44387         6.67
    7843.839     0.875000        45697         8.00
    7897.087     0.887500        46327         8.89
    7950.335     0.900000        46968        10.00
    8003.583     0.912500        47627        11.43
    8060.927     0.925000        48285        13.33
    8122.367     0.937500        48961        16.00
    8155.135     0.943750        49280        17.78
    8187.903     0.950000        49595        20.00
    8220.671     0.956250        49911        22.86
    8257.535     0.962500        50261        26.67
    8294.399     0.968750        50564        32.00
    8314.879     0.971875        50720        35.56
    8335.359     0.975000        50889        40.00
    8359.935     0.978125        51070        45.71
    8380.415     0.981250        51217        53.33
    8404.991     0.984375        51370        64.00
    8421.375     0.985938        51466        71.11
    8437.759     0.987500        51538        80.00
    8454.143     0.989062        51618        91.43
    8478.719     0.990625        51709       106.67
    8503.295     0.992188        51795       128.00
    8511.487     0.992969        51821       142.22
    8527.871     0.993750        51872       160.00
    8544.255     0.994531        51921       182.86
    8552.447     0.995313        51945       213.33
    8568.831     0.996094        51984       256.00
    8585.215     0.996484        52004       284.44
    8601.599     0.996875        52032       320.00
    8609.791     0.997266        52043       365.71
    8634.367     0.997656        52067       426.67
    8650.751     0.998047        52083       512.00
    8667.135     0.998242        52095       568.89
    8675.327     0.998437        52102       640.00
    8691.711     0.998633        52117       731.43
    8708.095     0.998828        52125       853.33
    8724.479     0.999023        52135      1024.00
    8732.671     0.999121        52141      1137.78
    8740.863     0.999219        52143      1280.00
    8765.439     0.999316        52150      1462.86
    8773.631     0.999414        52153      1706.67
    8798.207     0.999512        52159      2048.00
    8806.399     0.999561        52162      2275.56
    8814.591     0.999609        52164      2560.00
    8830.975     0.999658        52167      2925.71
    8839.167     0.999707        52169      3413.33
    8855.551     0.999756        52171      4096.00
    8863.743     0.999780        52173      4551.11
    8863.743     0.999805        52173      5120.00
    8880.127     0.999829        52176      5851.43
    8880.127     0.999854        52176      6826.67
    8888.319     0.999878        52177      8192.00
    8904.703     0.999890        52178      9102.22
    8904.703     0.999902        52178     10240.00
    8921.087     0.999915        52179     11702.86
    8962.047     0.999927        52180     13653.33
    8962.047     0.999939        52180     16384.00
    8994.815     0.999945        52181     18204.44
    8994.815     0.999951        52181     20480.00
    8994.815     0.999957        52181     23405.71
    9003.007     0.999963        52182     27306.67
    9003.007     0.999969        52182     32768.00
    9003.007     0.999973        52182     36408.89
    9003.007     0.999976        52182     40960.00
    9003.007     0.999979        52182     46811.43
    9043.967     0.999982        52183     54613.33
    9043.967     1.000000        52183          inf
#[Mean    =     6312.471, StdDeviation   =     1194.757]
#[Max     =     9035.776, Total count    =        52183]
#[Buckets =           27, SubBuckets     =         2048]
----------------------------------------------------------
  105935 requests in 19.98s, 53.83MB read
Requests/sec:   5301.55
Transfer/sec:      2.69MB
MIX_ERRORS connect=0 read=0 write=0 status=0 timeout=0
