Running 10s test @ http://127.0.0.1:18401
  2 threads and 256 connections
  Thread Stats   Avg      Stdev     Max   +/- Stdev
    Latency    23.05ms   86.22ms   1.04s    98.18%
    Req/Sec       -nan      -nan   0.00      0.00%
  Latency Distribution (HdrHistogram - Recorded Latency)
 50.000%   11.94ms
 75.000%   16.45ms
 90.000%   21.31ms
 99.000%  530.94ms
 99.900%    1.04s 
 99.990%    1.04s 
 99.999%    1.04s 
100.000%    1.04s 

  Detailed Percentile spectrum:
       Value   Percentile   TotalCount 1/(1-Percentile)

       0.790     0.000000            1         1.00
       4.435     0.100000         1815         1.11
       6.503     0.200000         3623         1.25
       8.399     0.300000         5429         1.43
      10.263     0.400000         7243         1.67
      11.943     0.500000         9049         2.00
      12.719     0.550000         9961         2.22
      13.527     0.600000        10863         2.50
      14.423     0.650000        11768         2.86
      15.351     0.700000        12672         3.33
      16.447     0.750000        13582         4.00
      16.975     0.775000        14031         4.44
      17.599     0.800000        14476         5.00
      18.367     0.825000        14930         5.71
      19.135     0.850000        15387         6.67
      20.143     0.875000        15837         8.00
      20.655     0.887500        16063         8.89
      21.311     0.900000        16293        10.00
      22.015     0.912500        16519        11.43
      22.879     0.925000        16740        13.33
      24.287     0.937500        16967        16.00
      25.151     0.943750        17078        17.78
      26.463     0.950000        17192        20.00
      27.823     0.956250        17306        22.86
      29.871     0.962500        17417        26.67
      37.471     0.968750        17530        32.00
      40.223     0.971875        17587        35.56
      44.255     0.975000        17644        40.00
      47.519     0.978125        17700        45.71
      75.647     0.981250        17756        53.33
     277.247     0.984375        17813        64.00
     332.031     0.985938        17841        71.11
     406.015     0.987500        17870        80.00
     527.871     0.989062        17898        91.43
     587.775     0.990625        17930       106.67
     656.383     0.992188        17955       128.00
     716.287     0.992969        17972       142.22
     717.823     0.993750        17983       160.00
     785.407     0.994531        18003       182.86
     843.775     0.995313        18011       213.33
     845.311     0.996094        18027       256.00
     913.407     0.996484        18032       284.44
     914.431     0.996875        18043       320.00
     914.943     0.997266        18049       365.71
     969.215     0.997656        18053       426.67
     970.751     0.998047        18062       512.00
     971.263     0.998242        18064       568.89
     972.287     0.998437        18069       640.00
     972.799     0.998633        18073       731.43
    1038.335     0.998828        18079       853.33
    1038.335     0.999023        18079      1024.00
    1038.847     0.999121        18081      1137.78
    1038.847     0.999219        18081      1280.00
    1039.359     0.999316        18083      1462.86
    1039.871     0.999414        18086      1706.67
    1040.383     0.999512        18087      2048.00
    1040.895     0.999561        18090      2275.56
    1040.895     0.999609        18090      2560.00
    1040.895     0.999658        18090      2925.71
    1040.895     0.999707        18090      3413.33
    1041.407     0.999756        18095      4096.00
    1041.407     1.000000        18095          inf
#[Mean    =       23.048, StdDeviation   =       86.223]
#[Max     =     1040.896, Total count    =        18095]
#[Buckets =           27, SubBuckets     =         2048]
----------------------------------------------------------
  18098 requests in 9.99s, 9.98MB read
Requests/sec:   1811.75
Transfer/sec:      1.00MB
MIX_ERRORS connect=0 read=0 write=0 status=0 timeout=0
