Running 10s test @ http://127.0.0.1:18401
  2 threads and 256 connections
  Thread Stats   Avg      Stdev     Max   +/- Stdev
    Latency     1.23s   706.83ms   2.70s    58.00%
    Req/Sec       -nan      -nan   0.00      0.00%
  Latency Distribution (HdrHistogram - Recorded Latency)
 50.000%    1.23s 
 75.000%    1.84s 
 90.000%    2.20s 
 99.000%    2.50s 
 99.900%    2.62s 
 99.990%    2.67s 
 99.999%    2.69s 
100.000%    2.70s 

  Detailed Percentile spectrum:
       Value   Percentile   TotalCount 1/(1-Percentile)

      11.279     0.000000            1         1.00
     265.471     0.100000         6562         1.11
     501.247     0.200000        13100         1.25
     733.183     0.300000        19654         1.43
     964.607     0.400000        26208         1.67
    1232.895     0.500000        32760         2.00
    1359.871     0.550000        36020         2.22
    1486.847     0.600000        39305         2.50
    1611.775     0.650000        42567         2.86
    1730.559     0.700000        45854         3.33
    1844.223     0.750000        49132         4.00
    1903.615     0.775000        50781         4.44
    1963.007     0.800000        52398         5.00
    2020.351     0.825000        54043         5.71
    2077.695     0.850000        55678         6.67
    2140.159     0.875000        57319         8.00
    2168.831     0.887500        58122         8.89
    2199.551     0.900000        58941        10.00
    2232.319     0.912500        59768        11.43
    2267.135     0.925000        60608        13.33
    2301.951     0.937500        61422        16.00
    2320.383     0.943750        61828        17.78
    2338.815     0.950000        62258        20.00
    2357.247     0.956250        62641        22.86
    2375.679     0.962500        63028        26.67
    2398.207     0.968750        63446        32.00
    2410.495     0.971875        63651        35.56
    2422.783     0.975000        63869        40.00
    2435.071     0.978125        64083        45.71
    2449.407     0.981250        64283        53.33
    2463.743     0.984375        64477        64.00
    2471.935     0.985938        64576        71.11
    2480.127     0.987500        64670        80.00
    2490.367     0.989062        64782        91.43
    2500.607     0.990625        64878       106.67
    2510.847     0.992188        64974       128.00
    2519.039     0.992969        65046       142.22
    2523.135     0.993750        65074       160.00
    2531.327     0.994531        65129       182.86
    2541.567     0.995313        65182       213.33
    2553.855     0.996094        65230       256.00
    2562.047     0.996484        65259       284.44
    2568.191     0.996875        65279       320.00
    2576.383     0.997266        65306       365.71
    2586.623     0.997656        65333       426.67
    2594.815     0.998047        65356       512.00
    2598.911     0.998242        65368       568.89
    2603.007     0.998437        65382       640.00
    2609.151     0.998633        65395       731.43
    2617.343     0.998828        65408       853.33
    2625.535     0.999023        65423      1024.00
    2627.583     0.999121        65426      1137.78
    2631.679     0.999219        65436      1280.00
    2633.727     0.999316        65439      1462.86
    2635.775     0.999414        65446      1706.67
    2643.967     0.999512        65452      2048.00
    2650.111     0.999561        65456      2275.56
    2652.159     0.999609        65458      2560.00
    2656.255     0.999658        65462      2925.71
    2658.303     0.999707        65465      3413.33
    2664.447     0.999756        65469      4096.00
    2664.447     0.999780        65469      4551.11
    2666.495     0.999805        65472      5120.00
    2666.495     0.999829        65472      5851.43
    2670.591     0.999854        65476      6826.67
    2670.591     0.999878        65476      8192.00
    2670.591     0.999890        65476      9102.22
    2672.639     0.999902        65477     10240.00
    2676.735     0.999915        65479     11702.86
    2676.735     0.999927        65479     13653.33
    2680.831     0.999939        65480     16384.00
    2680.831     0.999945        65480     18204.44
    2680.831     0.999951        65480     20480.00
    2682.879     0.999957        65481     23405.71
    2682.879     0.999963        65481     27306.67
    2689.023     0.999969        65482     32768.00
    2689.023     0.999973        65482     36408.89
    2689.023     0.999976        65482     40960.00
    2689.023     0.999979        65482     46811.43
    2689.023     0.999982        65482     54613.33
    2699.263     0.999985        65483     65536.00
    2699.263     1.000000        65483          inf
#[Mean    =     1233.519, StdDeviation   =      706.827]
#[Max     =     2697.216, Total count    =        65483]
#[Buckets =           27, SubBuckets     =         2048]
----------------------------------------------------------
  65491 requests in 9.99s, 36.28MB read
Requests/sec:   6556.07
Transfer/sec:      3.63MB
MIX_ERRORS connect=0 read=0 write=0 status=0 timeout=0
