Running 10s test @ http://127.0.0.1:18401
  2 threads and 256 connections
  Thread Stats   Avg      Stdev     Max   +/- Stdev
    Latency     2.09s     1.11s    4.39s    59.51%
    Req/Sec       -nan      -nan   0.00      0.00%
  Latency Distribution (HdrHistogram - Recorded Latency)
 50.000%    2.09s 
 75.000%    3.04s 
 90.000%    3.60s 
 99.000%    4.01s 
 99.900%    4.18s 
 99.990%    4.30s 
 99.999%    4.37s 
100.000%    4.40s 

  Detailed Percentile spectrum:
       Value   Percentile   TotalCount 1/(1-Percentile)

      20.447     0.000000            1         1.00
     497.663     0.100000         5013         1.11
     990.719     0.200000        10022         1.25
    1363.967     0.300000        15043         1.43
    1725.439     0.400000        20047         1.67
    2092.031     0.500000        25061         2.00
    2277.375     0.550000        27567         2.22
    2473.983     0.600000        30065         2.50
    2674.687     0.650000        32583         2.86
    2850.815     0.700000        35076         3.33
    3037.183     0.750000        37581         4.00
    3135.487     0.775000        38850         4.44
    3225.599     0.800000        40094         5.00
    3317.759     0.825000        41348         5.71
    3411.967     0.850000        42598         6.67
    3506.175     0.875000        43850         8.00
    3551.231     0.887500        44474         8.89
    3600.383     0.900000        45110        10.00
    3649.535     0.912500        45755        11.43
    3696.639     0.925000        46372        13.33
    3741.695     0.937500        46991        16.00
    3768.319     0.943750        47302        17.78
    3794.943     0.950000        47621        20.00
    3817.471     0.956250        47925        22.86
    3842.047     0.962500        48230        26.67
    3872.767     0.968750        48568        32.00
    3887.103     0.971875        48715        35.56
    3903.487     0.975000        48856        40.00
    3923.967     0.978125        49014        45.71
    3946.495     0.981250        49177        53.33
    3966.975     0.984375        49332        64.00
    3979.263     0.985938        49409        71.11
    3989.503     0.987500        49491        80.00
    4003.839     0.989062        49564        91.43
    4018.175     0.990625        49641       106.67
    4036.607     0.992188        49721       128.00
    4042.751     0.992969        49756       142.22
    4052.991     0.993750        49798       160.00
    4065.279     0.994531        49839       182.86
    4075.519     0.995313        49872       213.33
    4091.903     0.996094        49916       256.00
    4095.999     0.996484        49930       284.44
    4106.239     0.996875        49955       320.00
    4112.383     0.997266        49971       365.71
    4122.623     0.997656        49991       426.67
    4132.863     0.998047        50012       512.00
    4139.007     0.998242        50018       568.89
    4147.199     0.998437        50028       640.00
    4157.439     0.998633        50038       731.43
    4169.727     0.998828        50049       853.33
    4188.159     0.999023        50058      1024.00
    4198.399     0.999121        50064      1137.78
    4206.591     0.999219        50068      1280.00
    4218.879     0.999316        50075      1462.86
    4227.071     0.999414        50079      1706.67
    4239.359     0.999512        50082      2048.00
    4247.551     0.999561        50085      2275.56
    4251.647     0.999609        50087      2560.00
    4255.743     0.999658        50090      2925.71
    4263.935     0.999707        50092      3413.33
    4280.319     0.999756        50094      4096.00
    4284.415     0.999780        50096      4551.11
    4288.511     0.999805        50097      5120.00
    4292.607     0.999829        50098      5851.43
    4296.703     0.999854        50099      6826.67
    4300.799     0.999878        50100      8192.00
    4304.895     0.999890        50101      9102.22
    4321.279     0.999902        50102     10240.00
    4321.279     0.999915        50102     11702.86
    4341.759     0.999927        50103     13653.33
    4341.759     0.999939        50103     16384.00
    4354.047     0.999945        50104     18204.44
    4354.047     0.999951        50104     20480.00
    4354.047     0.999957        50104     23405.71
    4366.335     0.999963        50105     27306.67
    4366.335     0.999969        50105     32768.00
    4366.335     0.999973        50105     36408.89
    4366.335     0.999976        50105     40960.00
    4366.335     0.999979        50105     46811.43
    4395.007     0.999982        50106     54613.33
    4395.007     1.000000        50106          inf
#[Mean    =     2088.400, StdDeviation   =     1109.582]
#[Max     =     4390.912, Total count    =        50106]
#[Buckets =           27, SubBuckets     =         2048]
----------------------------------------------------------
  50108 requests in 9.99s, 25.46MB read
Requests/sec:   5016.01
Transfer/sec:      2.55MB
MIX_ERRORS connect=0 read=0 write=0 status=0 timeout=0
