Running 10s test @ http://127.0.0.1:18401
  2 threads and 256 connections
  Thread Stats   Avg      Stdev     Max   +/- Stdev
    Latency    12.29ms    9.79ms  73.09ms   78.84%
    Req/Sec       -nan      -nan   0.00      0.00%
  Latency Distribution (HdrHistogram - Recorded Latency)
 50.000%    9.72ms
 75.000%   16.80ms
 90.000%   24.62ms
 99.000%   48.74ms
 99.900%   65.34ms
 99.990%   71.74ms
 99.999%   73.15ms
100.000%   73.15ms

  Detailed Percentile spectrum:
       Value   Percentile   TotalCount 1/(1-Percentile)

       0.653     0.000000            1         1.00
       2.841     0.100000         1804         1.11
       4.291     0.200000         3608         1.25
       5.807     0.300000         5407         1.43
       7.627     0.400000         7209         1.67
       9.719     0.500000         9011         2.00
      10.975     0.550000         9909         2.22
      12.207     0.600000        10809         2.50
      13.535     0.650000        11714         2.86
      15.031     0.700000        12612         3.33
      16.799     0.750000        13513         4.00
      17.807     0.775000        13963         4.44
      18.911     0.800000        14415         5.00
      20.031     0.825000        14870         5.71
      21.375     0.850000        15314         6.67
      22.879     0.875000        15769         8.00
      23.727     0.887500        15991         8.89
      24.623     0.900000        16214        10.00
      25.775     0.912500        16438        11.43
      27.055     0.925000        16667        13.33
      28.543     0.937500        16889        16.00
      29.487     0.943750        17000        17.78
      30.511     0.950000        17113        20.00
      31.759     0.956250        17225        22.86
      33.247     0.962500        17341        26.67
      34.847     0.968750        17451        32.00
      36.063     0.971875        17507        35.56
      37.311     0.975000        17563        40.00
      39.135     0.978125        17620        45.71
      41.055     0.981250        17676        53.33
      44.415     0.984375        17733        64.00
      45.279     0.985938        17760        71.11
      46.623     0.987500        17788        80.00
      47.967     0.989062        17816        91.43
      49.407     0.990625        17846       106.67
      51.167     0.992188        17873       128.00
      51.775     0.992969        17887       142.22
      53.247     0.993750        17901       160.00
      54.239     0.994531        17915       182.86
      56.063     0.995313        17929       213.33
      58.303     0.996094        17943       256.00
      59.647     0.996484        17951       284.44
      60.415     0.996875        17957       320.00
      61.215     0.997266        17964       365.71
      61.951     0.997656        17972       426.67
      62.303     0.998047        17978       512.00
      62.879     0.998242        17982       568.89
      63.391     0.998437        17985       640.00
      64.095     0.998633        17989       731.43
      64.767     0.998828        17992       853.33
      65.471     0.999023        17996      1024.00
      66.303     0.999121        17998      1137.78
      66.623     0.999219        17999      1280.00
      67.455     0.999316        18002      1462.86
      67.775     0.999414        18003      1706.67
      67.903     0.999512        18005      2048.00
      68.031     0.999561        18006      2275.56
      68.031     0.999609        18006      2560.00
      68.095     0.999658        18008      2925.71
      68.095     0.999707        18008      3413.33
      68.351     0.999756        18009      4096.00
      68.927     0.999780        18010      4551.11
      68.927     0.999805        18010      5120.00
      68.927     0.999829        18010      5851.43
      71.743     0.999854        18011      6826.67
      71.743     0.999878        18011      8192.00
      72.575     0.999890        18012      9102.22
      72.575     0.999902        18012     10240.00
      72.575     0.999915        18012     11702.86
      72.575     0.999927        18012     13653.33
      72.575     0.999939        18012     16384.00
      73.151     0.999945        18013     18204.44
      73.151     1.000000        18013          inf
#[Mean    =       12.288, StdDeviation   =        9.791]
#[Max     =       73.088, Total count    =        18013]
#[Buckets =           27, SubBuckets     =         2048]
----------------------------------------------------------
  18015 requests in 9.99s, 9.14MB read
Requests/sec:   1803.99
Transfer/sec:      0.92MB
MIX_ERRORS connect=0 read=0 write=0 status=0 timeout=0
