Running 20s test @ http://127.0.0.1:18401
  2 threads and 256 connections
  Thread calibration: mean lat.: 2244.161ms, rate sampling interval: 7991ms
  Thread calibration: mean lat.: 2275.067ms, rate sampling interval: 8028ms
  Thread Stats   Avg      Stdev     Max   +/- Stdev
    Latency     6.58s     1.26s    9.18s    57.95%
    Req/Sec     2.70k     2.00     2.71k    50.00%
  Latency Distribution (HdrHistogram - Recorded Latency)
 50.000%    6.59s 
 75.000%    7.66s 
 90.000%    8.31s 
 99.000%    8.81s 
 99.900%    9.02s 
 99.990%    9.14s 
 99.999%    9.18s 
100.000%    9.18s 

  Detailed Percentile spectrum:
       Value   Percentile   TotalCount 1/(1-Percentile)

    3874.815     0.000000            1         1.00
    4853.759     0.100000         5086         1.11
    5279.743     0.200000        10203         1.25
    5701.631     0.300000        15223         1.43
    6139.903     0.400000        20325         1.67
    6594.559     0.500000        25420         2.00
    6799.359     0.550000        27944         2.22
    7004.159     0.600000        30440         2.50
    7225.343     0.650000        33004         2.86
    7450.623     0.700000        35557         3.33
    7659.519     0.750000        38060         4.00
    7770.111     0.775000        39332         4.44
    7880.703     0.800000        40618         5.00
    7987.199     0.825000        41877         5.71
    8093.695     0.850000        43130         6.67
    8204.287     0.875000        44427         8.00
    8257.535     0.887500        45061         8.89
    8310.783     0.900000        45702        10.00
    8364.031     0.912500        46309        11.43
    8421.375     0.925000        46976        13.33
    8478.719     0.937500        47622        16.00
    8503.295     0.943750        47894        17.78
    8536.063     0.950000        48214        20.00
    8568.831     0.956250        48536        22.86
    8601.599     0.962500        48853        26.67
    8642.559     0.968750        49195        32.00
    8658.943     0.971875        49325        35.56
    8683.519     0.975000        49499        40.00
    8708.095     0.978125        49674        45.71
    8724.479     0.981250        49785        53.33
    8757.247     0.984375        49967        64.00
    8773.631     0.985938        50059        71.11
    8790.015     0.987500        50134        80.00
    8806.399     0.989062        50199        91.43
    8822.783     0.990625        50266       106.67
    8847.359     0.992188        50343       128.00
    8855.551     0.992969        50376       142.22
    8871.935     0.993750        50420       160.00
    8888.319     0.994531        50469       182.86
    8904.703     0.995313        50503       213.33
    8921.087     0.996094        50546       256.00
    8929.279     0.996484        50564       284.44
    8937.471     0.996875        50584       320.00
    8945.663     0.997266        50594       365.71
    8962.047     0.997656        50622       426.67
    8970.239     0.998047        50634       512.00
    8978.431     0.998242        50647       568.89
    8986.623     0.998437        50658       640.00
    8994.815     0.998633        50665       731.43
    9011.199     0.998828        50679       853.33
    9019.391     0.999023        50684      1024.00
    9027.583     0.999121        50689      1137.78
    9035.775     0.999219        50693      1280.00
    9043.967     0.999316        50698      1462.86
    9060.351     0.999414        50704      1706.67
    9068.543     0.999512        50708      2048.00
    9076.735     0.999561        50713      2275.56
    9076.735     0.999609        50713      2560.00
    9084.927     0.999658        50714      2925.71
    9101.311     0.999707        50718      3413.33
    9109.503     0.999756        50720      4096.00
    9109.503     0.999780        50720      4551.11
    9117.695     0.999805        50722      5120.00
    9125.887     0.999829        50723      5851.43
    9134.079     0.999854        50725      6826.67
    9134.079     0.999878        50725      8192.00
    9142.271     0.999890        50727      9102.22
    9142.271     0.999902        50727     10240.00
    9142.271     0.999915        50727     11702.86
    9150.463     0.999927        50728     13653.33
    9150.463     0.999939        50728     16384.00
    9166.847     0.999945        50729     18204.44
    9166.847     0.999951        50729     20480.00
    9166.847     0.999957        50729     23405.71
    9175.039     0.999963        50730     27306.67
    9175.039     0.999969        50730     32768.00
    9175.039     0.999973        50730     36408.89
    9175.039     0.999976        50730     40960.00
    9175.039     0.999979        50730     46811.43
    9183.231     0.999982        50731     54613.33
    9183.231     1.000000        50731          inf
#[Mean    =     6578.553, StdDeviation   =     1259.515]
#[Max     =     9175.040, Total count    =        50731]
#[Buckets =           27, SubBuckets     =         2048]
----------------------------------------------------------
  102671 requests in 19.99s, 52.18MB read
Requests/sec:   5136.30
Transfer/sec:      2.61MB
MIX_ERRORS connect=0 read=0 write=0 status=0 timeout=0
