Running 20s test @ http://127.0.0.1:18401
  2 threads and 256 connections
  Thread calibration: mean lat.: 18.102ms, rate sampling interval: 72ms
  Thread calibration: mean lat.: 23.787ms, rate sampling interval: 77ms
  Thread Stats   Avg      Stdev     Max   +/- Stdev
    Latency    20.62ms   11.71ms  60.77ms   61.93%
    Req/Sec     1.00k   576.40     1.80k    52.61%
  Latency Distribution (HdrHistogram - Recorded Latency)
 50.000%   20.00ms
 75.000%   29.26ms
 90.000%   36.32ms
 99.000%   48.48ms
 99.900%   56.45ms
 99.990%   59.01ms
 99.999%   60.80ms
100.000%   60.80ms

  Detailed Percentile spectrum:
       Value   Percentile   TotalCount 1/(1-Percentile)

       1.114     0.000000            1         1.00
       5.195     0.100000         1866         1.11
       8.887     0.200000         3734         1.25
      12.735     0.300000         5599         1.43
      16.415     0.400000         7466         1.67
      19.999     0.500000         9334         2.00
      21.871     0.550000        10273         2.22
      23.631     0.600000        11203         2.50
      25.391     0.650000        12131         2.86
      27.279     0.700000        13067         3.33
      29.263     0.750000        13996         4.00
      30.287     0.775000        14465         4.44
      31.423     0.800000        14930         5.00
      32.607     0.825000        15396         5.71
      33.823     0.850000        15869         6.67
      35.007     0.875000        16330         8.00
      35.647     0.887500        16563         8.89
      36.319     0.900000        16798        10.00
      37.183     0.912500        17041        11.43
      38.047     0.925000        17270        13.33
      39.167     0.937500        17496        16.00
      39.743     0.943750        17616        17.78
      40.415     0.950000        17729        20.00
      41.119     0.956250        17846        22.86
      42.111     0.962500        17962        26.67
      43.135     0.968750        18078        32.00
      43.743     0.971875        18136        35.56
      44.479     0.975000        18196        40.00
      45.151     0.978125        18256        45.71
      45.951     0.981250        18312        53.33
      46.687     0.984375        18369        64.00
      47.231     0.985938        18398        71.11
      47.615     0.987500        18427        80.00
      48.191     0.989062        18458        91.43
      48.671     0.990625        18486       106.67
      49.343     0.992188        18515       128.00
      49.791     0.992969        18529       142.22
      50.271     0.993750        18545       160.00
      50.719     0.994531        18558       182.86
      51.103     0.995313        18573       213.33
      52.031     0.996094        18588       256.00
      52.351     0.996484        18595       284.44
      52.959     0.996875        18603       320.00
      53.439     0.997266        18609       365.71
      54.175     0.997656        18618       426.67
      54.911     0.998047        18624       512.00
      55.103     0.998242        18628       568.89
      55.327     0.998437        18631       640.00
      55.551     0.998633        18635       731.43
      56.351     0.998828        18639       853.33
      56.543     0.999023        18642      1024.00
      56.895     0.999121        18644      1137.78
      57.439     0.999219        18646      1280.00
      57.567     0.999316        18648      1462.86
      57.855     0.999414        18650      1706.67
      57.919     0.999512        18651      2048.00
      57.951     0.999561        18652      2275.56
      58.111     0.999609        18653      2560.00
      58.527     0.999658        18654      2925.71
      58.655     0.999707        18655      3413.33
      58.719     0.999756        18656      4096.00
      58.719     0.999780        18656      4551.11
      58.751     0.999805        18657      5120.00
      58.751     0.999829        18657      5851.43
      59.007     0.999854        18658      6826.67
      59.007     0.999878        18658      8192.00
      59.007     0.999890        18658      9102.22
      59.039     0.999902        18659     10240.00
      59.039     0.999915        18659     11702.86
      59.039     0.999927        18659     13653.33
      59.039     0.999939        18659     16384.00
      59.039     0.999945        18659     18204.44
      60.799     0.999951        18660     20480.00
      60.799     1.000000        18660          inf
#[Mean    =       20.618, StdDeviation   =       11.713]
#[Max     =       60.768, Total count    =        18660]
#[Buckets =           27, SubBuckets     =         2048]
----------------------------------------------------------
  38065 requests in 19.99s, 19.40MB read
Requests/sec:   1904.29
Transfer/sec:      0.97MB
MIX_ERRORS connect=0 read=0 write=0 status=0 timeout=0
