Running 20s test @ http://127.0.0.1:18401
  2 threads and 256 connections
  Thread calibration: mean lat.: 8.902ms, rate sampling interval: 34ms
  Thread calibration: mean lat.: 54.327ms, rate sampling interval: 48ms
  Thread Stats   Avg      Stdev     Max   +/- Stdev
    Latency    10.67ms    5.81ms  35.36ms   61.36%
    Req/Sec     1.01k     1.15k    3.76k    77.14%
  Latency Distribution (HdrHistogram - Recorded Latency)
 50.000%   10.47ms
 75.000%   14.86ms
 90.000%   18.46ms
 99.000%   24.90ms
 99.900%   30.42ms
 99.990%   34.11ms
 99.999%   35.39ms
100.000%   35.39ms

  Detailed Percentile spectrum:
       Value   Percentile   TotalCount 1/(1-Percentile)

       0.867     0.000000            1         1.00
       3.333     0.100000         1869         1.11
       4.663     0.200000         3740         1.25
       6.443     0.300000         5609         1.43
       8.487     0.400000         7476         1.67
      10.471     0.500000         9342         2.00
      11.399     0.550000        10281         2.22
      12.271     0.600000        11211         2.50
      13.111     0.650000        12146         2.86
      13.983     0.700000        13082         3.33
      14.863     0.750000        14021         4.00
      15.359     0.775000        14490         4.44
      15.855     0.800000        14950         5.00
      16.415     0.825000        15418         5.71
      16.975     0.850000        15886         6.67
      17.679     0.875000        16348         8.00
      18.063     0.887500        16584         8.89
      18.463     0.900000        16816        10.00
      18.911     0.912500        17053        11.43
      19.407     0.925000        17289        13.33
      19.935     0.937500        17520        16.00
      20.223     0.943750        17633        17.78
      20.559     0.950000        17753        20.00
      20.911     0.956250        17866        22.86
      21.391     0.962500        17984        26.67
      21.855     0.968750        18101        32.00
      22.111     0.971875        18159        35.56
      22.415     0.975000        18218        40.00
      22.767     0.978125        18276        45.71
      23.199     0.981250        18335        53.33
      23.807     0.984375        18392        64.00
      24.111     0.985938        18422        71.11
      24.351     0.987500        18450        80.00
      24.687     0.989062        18479        91.43
      25.023     0.990625        18509       106.67
      25.471     0.992188        18538       128.00
      25.775     0.992969        18553       142.22
      26.127     0.993750        18567       160.00
      26.495     0.994531        18581       182.86
      26.879     0.995313        18597       213.33
      27.311     0.996094        18611       256.00
      27.663     0.996484        18618       284.44
      28.063     0.996875        18626       320.00
      28.463     0.997266        18632       365.71
      28.847     0.997656        18640       426.67
      29.327     0.998047        18647       512.00
      29.599     0.998242        18651       568.89
      29.823     0.998437        18654       640.00
      29.967     0.998633        18658       731.43
      30.159     0.998828        18662       853.33
      30.463     0.999023        18665      1024.00
      30.815     0.999121        18667      1137.78
      30.943     0.999219        18669      1280.00
      31.295     0.999316        18671      1462.86
      31.487     0.999414        18673      1706.67
      31.887     0.999512        18675      2048.00
      31.887     0.999561        18675      2275.56
      31.999     0.999609        18676      2560.00
      32.015     0.999658        18677      2925.71
      32.031     0.999707        18678      3413.33
      32.703     0.999756        18679      4096.00
      32.703     0.999780        18679      4551.11
      32.799     0.999805        18680      5120.00
      32.799     0.999829        18680      5851.43
      34.111     0.999854        18681      6826.67
      34.111     0.999878        18681      8192.00
      34.111     0.999890        18681      9102.22
      34.975     0.999902        18682     10240.00
      34.975     0.999915        18682     11702.86
      34.975     0.999927        18682     13653.33
      34.975     0.999939        18682     16384.00
      34.975     0.999945        18682     18204.44
      35.391     0.999951        18683     20480.00
      35.391     1.000000        18683          inf
#[Mean    =       10.674, StdDeviation   =        5.808]
#[Max     =       35.360, Total count    =        18683]
#[Buckets =           27, SubBuckets     =         2048]
----------------------------------------------------------
  38141 requests in 20.07s, 20.79MB read
Requests/sec:   1900.47
Transfer/sec:      1.04MB
MIX_ERRORS connect=0 read=0 write=0 status=0 timeout=0
