Running 20s test @ http://127.0.0.1:18401
  2 threads and 256 connections
  Thread calibration: mean lat.: 1448.238ms, rate sampling interval: 5210ms
  Thread calibration: mean lat.: 1470.713ms, rate sampling interval: 5246ms
  Thread Stats   Avg      Stdev     Max   +/- Stdev
    Latency     4.28s   818.96ms   6.24s    59.88%
    Req/Sec     3.52k     0.00     3.52k     0.00%
  Latency Distribution (HdrHistogram - Recorded Latency)
 50.000%    4.27s 
 75.000%    4.96s 
 90.000%    5.40s 
 99.000%    5.83s 
 99.900%    6.09s 
 99.990%    6.20s 
 99.999%    6.24s 
100.000%    6.25s 

  Detailed Percentile spectrum:
       Value   Percentile   TotalCount 1/(1-Percentile)

    2451.455     0.000000            1         1.00
    3164.159     0.100000         6551         1.11
    3450.879     0.200000        13146         1.25
    3719.167     0.300000        19689         1.43
    3991.551     0.400000        26222         1.67
    4268.031     0.500000        32779         2.00
    4407.295     0.550000        36087         2.22
    4550.655     0.600000        39359         2.50
    4685.823     0.650000        42650         2.86
    4816.895     0.700000        45889         3.33
    4956.159     0.750000        49195         4.00
    5021.695     0.775000        50776         4.44
    5091.327     0.800000        52417         5.00
    5165.055     0.825000        54065         5.71
    5238.783     0.850000        55713         6.67
    5316.607     0.875000        57330         8.00
    5357.567     0.887500        58184         8.89
    5398.527     0.900000        58990        10.00
    5443.583     0.912500        59847        11.43
    5488.639     0.925000        60643        13.33
    5533.695     0.937500        61462        16.00
    5554.175     0.943750        61820        17.78
    5582.847     0.950000        62268        20.00
    5607.423     0.956250        62638        22.86
    5640.191     0.962500        63102        26.67
    5668.863     0.968750        63469        32.00
    5685.247     0.971875        63674        35.56
    5701.631     0.975000        63868        40.00
    5722.111     0.978125        64087        45.71
    5746.687     0.981250        64305        53.33
    5771.263     0.984375        64491        64.00
    5787.647     0.985938        64593        71.11
    5804.031     0.987500        64706        80.00
    5820.415     0.989062        64808        91.43
    5836.799     0.990625        64890       106.67
    5857.279     0.992188        64992       128.00
    5869.567     0.992969        65055       142.22
    5881.855     0.993750        65097       160.00
    5898.239     0.994531        65146       182.86
    5914.623     0.995313        65196       213.33
    5935.103     0.996094        65258       256.00
    5943.295     0.996484        65274       284.44
    5955.583     0.996875        65300       320.00
    5971.967     0.997266        65325       365.71
    5992.447     0.997656        65351       426.67
    6012.927     0.998047        65377       512.00
    6025.215     0.998242        65388       568.89
    6037.503     0.998437        65400       640.00
    6057.983     0.998633        65415       731.43
    6074.367     0.998828        65427       853.33
    6090.751     0.999023        65439      1024.00
    6098.943     0.999121        65447      1137.78
    6107.135     0.999219        65451      1280.00
    6115.327     0.999316        65459      1462.86
    6127.615     0.999414        65464      1706.67
    6139.903     0.999512        65473      2048.00
    6148.095     0.999561        65475      2275.56
    6152.191     0.999609        65479      2560.00
    6156.287     0.999658        65480      2925.71
    6164.479     0.999707        65485      3413.33
    6168.575     0.999756        65487      4096.00
    6172.671     0.999780        65488      4551.11
    6184.959     0.999805        65490      5120.00
    6189.055     0.999829        65491      5851.43
    6197.247     0.999854        65493      6826.67
    6201.343     0.999878        65495      8192.00
    6201.343     0.999890        65495      9102.22
    6205.439     0.999902        65496     10240.00
    6213.631     0.999915        65497     11702.86
    6217.727     0.999927        65498     13653.33
    6221.823     0.999939        65499     16384.00
    6221.823     0.999945        65499     18204.44
    6221.823     0.999951        65499     20480.00
    6230.015     0.999957        65500     23405.71
    6230.015     0.999963        65500     27306.67
    6238.207     0.999969        65501     32768.00
    6238.207     0.999973        65501     36408.89
    6238.207     0.999976        65501     40960.00
    6238.207     0.999979        65501     46811.43
    6238.207     0.999982        65501     54613.33
    6246.399     0.999985        65502     65536.00
    6246.399     1.000000        65502          inf
#[Mean    =     4275.602, StdDeviation   =      818.959]
#[Max     =     6242.304, Total count    =        65502]
#[Buckets =           27, SubBuckets     =         2048]
----------------------------------------------------------
  132943 requests in 19.99s, 72.38MB read
Requests/sec:   6650.74
Transfer/sec:      3.62MB
MIX_ERRORS connect=0 read=0 write=0 status=0 timeout=0
