Running 20s test @ http://127.0.0.1:18401
  2 threads and 256 connections
  Thread calibration: mean lat.: 45.549ms, rate sampling interval: 153ms
  Thread calibration: mean lat.: 55.271ms, rate sampling interval: 156ms
  Thread Stats   Avg      Stdev     Max   +/- Stdev
    Latency    49.96ms   23.65ms 143.36ms   65.41%
    Req/Sec     1.00k   142.43     1.46k    64.17%
  Latency Distribution (HdrHistogram - Recorded Latency)
 50.000%   52.80ms
 75.000%   67.65ms
 90.000%   77.95ms
 99.000%   95.81ms
 99.900%  130.69ms
 99.990%  139.01ms
 99.999%  143.49ms
100.000%  143.49ms

  Detailed Percentile spectrum:
       Value   Percentile   TotalCount 1/(1-Percentile)

       1.569     0.000000            1         1.00
      13.655     0.100000         1865         1.11
      26.863     0.200000         3729         1.25
      38.591     0.300000         5595         1.43
      46.239     0.400000         7460         1.67
      52.799     0.500000         9323         2.00
      55.839     0.550000        10262         2.22
      59.071     0.600000        11190         2.50
      61.983     0.650000        12120         2.86
      64.863     0.700000        13051         3.33
      67.647     0.750000        14002         4.00
      69.055     0.775000        14470         4.44
      70.591     0.800000        14928         5.00
      72.191     0.825000        15396         5.71
      73.727     0.850000        15853         6.67
      75.647     0.875000        16312         8.00
      76.799     0.887500        16556         8.89
      77.951     0.900000        16779        10.00
      79.231     0.912500        17018        11.43
      80.511     0.925000        17249        13.33
      82.111     0.937500        17479        16.00
      83.135     0.943750        17597        17.78
      84.159     0.950000        17712        20.00
      85.311     0.956250        17829        22.86
      86.527     0.962500        17945        26.67
      87.871     0.968750        18061        32.00
      88.575     0.971875        18120        35.56
      89.343     0.975000        18178        40.00
      90.303     0.978125        18237        45.71
      91.263     0.981250        18293        53.33
      92.863     0.984375        18352        64.00
      93.631     0.985938        18381        71.11
      94.399     0.987500        18410        80.00
      95.039     0.989062        18439        91.43
      96.575     0.990625        18470       106.67
      99.519     0.992188        18497       128.00
     101.951     0.992969        18511       142.22
     104.895     0.993750        18526       160.00
     107.391     0.994531        18541       182.86
     109.503     0.995313        18555       213.33
     112.831     0.996094        18570       256.00
     113.983     0.996484        18577       284.44
     116.095     0.996875        18584       320.00
     118.079     0.997266        18592       365.71
     119.231     0.997656        18599       426.67
     123.455     0.998047        18606       512.00
     124.799     0.998242        18610       568.89
     127.039     0.998437        18613       640.00
     127.487     0.998633        18617       731.43
     128.831     0.998828        18621       853.33
     131.071     0.999023        18624      1024.00
     131.967     0.999121        18626      1137.78
     133.375     0.999219        18628      1280.00
     133.887     0.999316        18630      1462.86
     134.399     0.999414        18632      1706.67
     134.783     0.999512        18633      2048.00
     135.295     0.999561        18634      2275.56
     136.063     0.999609        18635      2560.00
     136.575     0.999658        18636      2925.71
     137.343     0.999707        18637      3413.33
     137.471     0.999756        18638      4096.00
     137.471     0.999780        18638      4551.11
     137.599     0.999805        18639      5120.00
     137.599     0.999829        18639      5851.43
     139.007     0.999854        18640      6826.67
     139.007     0.999878        18640      8192.00
     139.007     0.999890        18640      9102.22
     142.335     0.999902        18641     10240.00
     142.335     0.999915        18641     11702.86
     142.335     0.999927        18641     13653.33
     142.335     0.999939        18641     16384.00
     142.335     0.999945        18641     18204.44
     143.487     0.999951        18642     20480.00
     143.487     1.000000        18642          inf
#[Mean    =       49.956, StdDeviation   =       23.653]
#[Max     =      143.360, Total count    =        18642]
#[Buckets =           27, SubBuckets     =         2048]
----------------------------------------------------------
  37904 requests in 19.99s, 22.38MB read
Requests/sec:   1895.89
Transfer/sec:      1.12MB
MIX_ERRORS connect=0 read=0 write=0 status=0 timeout=0
