Running 20s test @ http://127.0.0.1:18401
  2 threads and 256 connections
  Thread calibration: mean lat.: 3434.538ms, rate sampling interval: 12230ms
  Thread calibration: mean lat.: 3742.914ms, rate sampling interval: 12582ms
  Thread Stats   Avg      Stdev     Max   +/- Stdev
    Latency    10.19s     1.87s   13.98s    58.68%
    Req/Sec       -nan      -nan   0.00      0.00%
  Latency Distribution (HdrHistogram - Recorded Latency)
 50.000%   10.23s 
 75.000%   11.80s 
 90.000%   12.72s 
 99.000%   13.47s 
 99.900%   13.75s 
 99.990%   13.93s 
 99.999%   13.98s 
100.000%   13.98s 

  Detailed Percentile spectrum:
       Value   Percentile   TotalCount 1/(1-Percentile)

    6410.239     0.000000            1         1.00
    7577.599     0.100000         2808         1.11
    8278.015     0.200000         5615         1.25
    8937.471     0.300000         8421         1.43
    9592.831     0.400000        11217         1.67
   10231.807     0.500000        14028         2.00
   10551.295     0.550000        15426         2.22
   10870.783     0.600000        16842         2.50
   11182.079     0.650000        18237         2.86
   11493.375     0.700000        19634         3.33
   11796.479     0.750000        21027         4.00
   11952.127     0.775000        21714         4.44
   12115.967     0.800000        22446         5.00
   12255.231     0.825000        23130         5.71
   12410.879     0.850000        23847         6.67
   12566.527     0.875000        24539         8.00
   12640.255     0.887500        24870         8.89
   12722.175     0.900000        25221        10.00
   12804.095     0.912500        25570        11.43
   12902.399     0.925000        25942        13.33
   12984.319     0.937500        26277        16.00
   13033.471     0.943750        26445        17.78
   13082.623     0.950000        26630        20.00
   13131.775     0.956250        26813        22.86
   13189.119     0.962500        26987        26.67
   13238.271     0.968750        27166        32.00
   13262.847     0.971875        27233        35.56
   13295.615     0.975000        27333        40.00
   13328.383     0.978125        27413        45.71
   13361.151     0.981250        27515        53.33
   13393.919     0.984375        27592        64.00
   13410.303     0.985938        27626        71.11
   13434.879     0.987500        27678        80.00
   13451.263     0.989062        27715        91.43
   13475.839     0.990625        27756       106.67
   13508.607     0.992188        27804       128.00
   13524.991     0.992969        27826       142.22
   13541.375     0.993750        27850       160.00
   13557.759     0.994531        27867       182.86
   13574.143     0.995313        27891       213.33
   13598.719     0.996094        27908       256.00
   13615.103     0.996484        27925       284.44
   13623.295     0.996875        27930       320.00
   13639.679     0.997266        27945       365.71
   13656.063     0.997656        27953       426.67
   13672.447     0.998047        27963       512.00
   13688.831     0.998242        27968       568.89
   13705.215     0.998437        27974       640.00
   13721.599     0.998633        27979       731.43
   13729.791     0.998828        27985       853.33
   13754.367     0.999023        27993      1024.00
   13754.367     0.999121        27993      1137.78
   13770.751     0.999219        27997      1280.00
   13778.943     0.999316        28001      1462.86
   13778.943     0.999414        28001      1706.67
   13795.327     0.999512        28004      2048.00
   13811.711     0.999561        28006      2275.56
   13819.903     0.999609        28007      2560.00
   13828.095     0.999658        28008      2925.71
   13836.287     0.999707        28009      3413.33
   13852.671     0.999756        28013      4096.00
   13852.671     0.999780        28013      4551.11
   13852.671     0.999805        28013      5120.00
   13852.671     0.999829        28013      5851.43
   13852.671     0.999854        28013      6826.67
   13934.591     0.999878        28014      8192.00
   13934.591     0.999890        28014      9102.22
   13942.783     0.999902        28015     10240.00
   13942.783     0.999915        28015     11702.86
   13942.783     0.999927        28015     13653.33
   13975.551     0.999939        28016     16384.00
   13975.551     0.999945        28016     18204.44
   13975.551     0.999951        28016     20480.00
   13975.551     0.999957        28016     23405.71
   13975.551     0.999963        28016     27306.67
   13983.743     0.999969        28017     32768.00
   13983.743     1.000000        28017          inf
#[Mean    =    10192.432, StdDeviation   =     1874.141]
#[Max     =    13975.552, Total count    =        28017]
#[Buckets =           27, SubBuckets     =         2048]
----------------------------------------------------------
  56052 requests in 19.99s, 32.97MB read
Requests/sec:   2804.59
Transfer/sec:      1.65MB
MIX_ERRORS connect=0 read=0 write=0 status=0 timeout=0
