Running 20s test @ http://127.0.0.1:18401
  2 threads and 256 connections
  Thread calibration: mean lat.: 12.080ms, rate sampling interval: 43ms
  Thread calibration: mean lat.: 15.134ms, rate sampling interval: 45ms
  Thread Stats   Avg      Stdev     Max   +/- Stdev
    Latency    13.17ms    6.63ms  37.06ms   62.52%
    Req/Sec     1.01k     1.09k    3.05k    77.25%
  Latency Distribution (HdrHistogram - Recorded Latency)
 50.000%   13.06ms
 75.000%   17.85ms
 90.000%   22.16ms
 99.000%   29.04ms
 99.900%   32.90ms
 99.990%   35.33ms
 99.999%   37.09ms
100.000%   37.09ms

  Detailed Percentile spectrum:
       Value   Percentile   TotalCount 1/(1-Percentile)

       1.103     0.000000            1         1.00
       4.507     0.100000         1869         1.11
       6.427     0.200000         3738         1.25
       8.695     0.300000         5606         1.43
      10.959     0.400000         7476         1.67
      13.063     0.500000         9343         2.00
      14.047     0.550000        10278         2.22
      14.911     0.600000        11216         2.50
      15.863     0.650000        12146         2.86
      16.815     0.700000        13080         3.33
      17.871     0.750000        14032         4.00
      18.431     0.775000        14483         4.44
      19.023     0.800000        14962         5.00
      19.631     0.825000        15419         5.71
      20.367     0.850000        15882         6.67
      21.199     0.875000        16349         8.00
      21.663     0.887500        16585         8.89
      22.159     0.900000        16827        10.00
      22.687     0.912500        17050        11.43
      23.231     0.925000        17285        13.33
      23.887     0.937500        17519        16.00
      24.255     0.943750        17636        17.78
      24.703     0.950000        17750        20.00
      25.119     0.956250        17868        22.86
      25.631     0.962500        17983        26.67
      26.143     0.968750        18100        32.00
      26.351     0.971875        18158        35.56
      26.655     0.975000        18217        40.00
      27.023     0.978125        18280        45.71
      27.359     0.981250        18334        53.33
      27.887     0.984375        18392        64.00
      28.207     0.985938        18421        71.11
      28.479     0.987500        18451        80.00
      28.879     0.989062        18481        91.43
      29.103     0.990625        18508       106.67
      29.423     0.992188        18539       128.00
      29.583     0.992969        18552       142.22
      29.711     0.993750        18567       160.00
      29.951     0.994531        18581       182.86
      30.207     0.995313        18596       213.33
      30.511     0.996094        18611       256.00
      30.607     0.996484        18618       284.44
      30.783     0.996875        18625       320.00
      30.975     0.997266        18632       365.71
      31.455     0.997656        18640       426.67
      31.871     0.998047        18649       512.00
      32.015     0.998242        18652       568.89
      32.063     0.998437        18654       640.00
      32.463     0.998633        18658       731.43
      32.719     0.998828        18662       853.33
      32.959     0.999023        18665      1024.00
      33.087     0.999121        18667      1137.78
      33.535     0.999219        18669      1280.00
      33.631     0.999316        18671      1462.86
      33.759     0.999414        18673      1706.67
      34.303     0.999512        18674      2048.00
      34.367     0.999561        18675      2275.56
      34.623     0.999609        18676      2560.00
      34.655     0.999658        18677      2925.71
      34.783     0.999707        18678      3413.33
      35.071     0.999756        18680      4096.00
      35.071     0.999780        18680      4551.11
      35.071     0.999805        18680      5120.00
      35.071     0.999829        18680      5851.43
      35.327     0.999854        18681      6826.67
      35.327     0.999878        18681      8192.00
      35.327     0.999890        18681      9102.22
      36.703     0.999902        18682     10240.00
      36.703     0.999915        18682     11702.86
      36.703     0.999927        18682     13653.33
      36.703     0.999939        18682     16384.00
      36.703     0.999945        18682     18204.44
      37.087     0.999951        18683     20480.00
      37.087     1.000000        18683          inf
#[Mean    =       13.171, StdDeviation   =        6.629]
#[Max     =       37.056, Total count    =        18683]
#[Buckets =           27, SubBuckets     =         2048]
----------------------------------------------------------
  38141 requests in 19.99s, 20.79MB read
Requests/sec:   1908.13
Transfer/sec:      1.04MB
MIX_ERRORS connect=0 read=0 write=0 status=0 timeout=0
