Running 20s test @ http://127.0.0.1:18401
  2 threads and 256 connections
  Thread calibration: mean lat.: 1483.888ms, rate sampling interval: 5328ms
  Thread calibration: mean lat.: 1511.899ms, rate sampling interval: 5378ms
  Thread Stats   Avg      Stdev     Max   +/- Stdev
    Latency     4.37s   813.85ms   6.34s    60.09%
    Req/Sec     3.51k     6.00     3.52k    50.00%
  Latency Distribution (HdrHistogram - Recorded Latency)
 50.000%    4.36s 
 75.000%    5.04s 
 90.000%    5.48s 
 99.000%    5.91s 
 99.900%    6.12s 
 99.990%    6.29s 
 99.999%    6.32s 
100.000%    6.35s 

  Detailed Percentile spectrum:
       Value   Percentile   TotalCount 1/(1-Percentile)

    2486.271     0.000000            1         1.00
    3260.415     0.100000         6570         1.11
    3553.279     0.200000        13073         1.25
    3831.807     0.300000        19624         1.43
    4100.095     0.400000        26168         1.67
    4362.239     0.500000        32723         2.00
    4493.311     0.550000        35985         2.22
    4632.575     0.600000        39302         2.50
    4767.743     0.650000        42558         2.86
    4907.007     0.700000        45855         3.33
    5038.079     0.750000        49040         4.00
    5111.807     0.775000        50686         4.44
    5181.439     0.800000        52318         5.00
    5251.071     0.825000        53931         5.71
    5328.895     0.850000        55602         6.67
    5406.719     0.875000        57242         8.00
    5443.583     0.887500        58029         8.89
    5484.543     0.900000        58902        10.00
    5525.503     0.912500        59710        11.43
    5570.559     0.925000        60522        13.33
    5615.615     0.937500        61350        16.00
    5636.095     0.943750        61710        17.78
    5660.671     0.950000        62098        20.00
    5689.343     0.956250        62528        22.86
    5718.015     0.962500        62924        26.67
    5750.783     0.968750        63331        32.00
    5771.263     0.971875        63571        35.56
    5787.647     0.975000        63731        40.00
    5808.127     0.978125        63937        45.71
    5828.607     0.981250        64142        53.33
    5853.183     0.984375        64355        64.00
    5865.471     0.985938        64452        71.11
    5881.855     0.987500        64569        80.00
    5898.239     0.989062        64667        91.43
    5914.623     0.990625        64762       106.67
    5931.007     0.992188        64859       128.00
    5943.295     0.992969        64912       142.22
    5951.487     0.993750        64955       160.00
    5967.871     0.994531        65009       182.86
    5984.255     0.995313        65062       213.33
    6000.639     0.996094        65111       256.00
    6012.927     0.996484        65143       284.44
    6021.119     0.996875        65163       320.00
    6033.407     0.997266        65186       365.71
    6049.791     0.997656        65212       426.67
    6062.079     0.998047        65238       512.00
    6070.271     0.998242        65250       568.89
    6078.463     0.998437        65264       640.00
    6090.751     0.998633        65277       731.43
    6103.039     0.998828        65290       853.33
    6123.519     0.999023        65300      1024.00
    6131.711     0.999121        65305      1137.78
    6139.903     0.999219        65311      1280.00
    6160.383     0.999316        65318      1462.86
    6176.767     0.999414        65324      1706.67
    6201.343     0.999512        65332      2048.00
    6209.535     0.999561        65334      2275.56
    6217.727     0.999609        65338      2560.00
    6225.919     0.999658        65340      2925.71
    6234.111     0.999707        65343      3413.33
    6246.399     0.999756        65347      4096.00
    6250.495     0.999780        65348      4551.11
    6262.783     0.999805        65351      5120.00
    6262.783     0.999829        65351      5851.43
    6279.167     0.999854        65354      6826.67
    6287.359     0.999878        65355      8192.00
    6287.359     0.999890        65355      9102.22
    6299.647     0.999902        65356     10240.00
    6303.743     0.999915        65358     11702.86
    6303.743     0.999927        65358     13653.33
    6320.127     0.999939        65360     16384.00
    6320.127     0.999945        65360     18204.44
    6320.127     0.999951        65360     20480.00
    6320.127     0.999957        65360     23405.71
    6320.127     0.999963        65360     27306.67
    6324.223     0.999969        65361     32768.00
    6324.223     0.999973        65361     36408.89
    6324.223     0.999976        65361     40960.00
    6324.223     0.999979        65361     46811.43
    6324.223     0.999982        65361     54613.33
    6348.799     0.999985        65362     65536.00
    6348.799     1.000000        65362          inf
#[Mean    =     4368.636, StdDeviation   =      813.845]
#[Max     =     6344.704, Total count    =        65362]
#[Buckets =           27, SubBuckets     =         2048]
----------------------------------------------------------
  132089 requests in 19.98s, 71.92MB read
Requests/sec:   6609.81
Transfer/sec:      3.60MB
MIX_ERRORS connect=0 read=0 write=0 status=0 timeout=0
