Running 20s test @ http://127.0.0.1:18401
  2 threads and 256 connections
  Thread calibration: mean lat.: 18.203ms, rate sampling interval: 72ms
  Thread calibration: mean lat.: 21.983ms, rate sampling interval: 77ms
  Thread Stats   Avg      Stdev     Max   +/- Stdev
    Latency    19.37ms   12.61ms  76.03ms   68.31%
    Req/Sec     1.01k   601.24     1.80k    50.40%
  Latency Distribution (HdrHistogram - Recorded Latency)
 50.000%   17.52ms
 75.000%   25.84ms
 90.000%   37.41ms
 99.000%   55.87ms
 99.900%   65.02ms
 99.990%   73.79ms
 99.999%   76.10ms
100.000%   76.10ms

  Detailed Percentile spectrum:
       Value   Percentile   TotalCount 1/(1-Percentile)

       1.272     0.000000            1         1.00
       4.819     0.100000         1886         1.11
       7.679     0.200000         3767         1.25
      11.039     0.300000         5646         1.43
      14.463     0.400000         7529         1.67
      17.519     0.500000         9410         2.00
      19.023     0.550000        10349         2.22
      20.655     0.600000        11292         2.50
      22.223     0.650000        12234         2.86
      23.935     0.700000        13174         3.33
      25.839     0.750000        14114         4.00
      26.895     0.775000        14583         4.44
      28.191     0.800000        15057         5.00
      29.679     0.825000        15524         5.71
      31.519     0.850000        15997         6.67
      34.015     0.875000        16466         8.00
      35.647     0.887500        16701         8.89
      37.439     0.900000        16938        10.00
      39.327     0.912500        17170        11.43
      41.215     0.925000        17406        13.33
      43.167     0.937500        17641        16.00
      44.255     0.943750        17759        17.78
      45.247     0.950000        17876        20.00
      46.559     0.956250        17995        22.86
      47.711     0.962500        18111        26.67
      49.343     0.968750        18228        32.00
      50.271     0.971875        18290        35.56
      51.295     0.975000        18346        40.00
      52.191     0.978125        18408        45.71
      53.119     0.981250        18464        53.33
      53.983     0.984375        18522        64.00
      54.655     0.985938        18552        71.11
      55.135     0.987500        18582        80.00
      55.615     0.989062        18611        91.43
      56.191     0.990625        18640       106.67
      56.927     0.992188        18669       128.00
      57.311     0.992969        18684       142.22
      57.663     0.993750        18700       160.00
      57.983     0.994531        18716       182.86
      58.687     0.995313        18728       213.33
      60.223     0.996094        18743       256.00
      60.511     0.996484        18750       284.44
      60.927     0.996875        18758       320.00
      61.311     0.997266        18765       365.71
      61.727     0.997656        18773       426.67
      62.911     0.998047        18780       512.00
      63.039     0.998242        18783       568.89
      63.231     0.998437        18787       640.00
      64.063     0.998633        18791       731.43
      64.351     0.998828        18794       853.33
      65.311     0.999023        18798      1024.00
      65.791     0.999121        18800      1137.78
      65.919     0.999219        18802      1280.00
      66.495     0.999316        18804      1462.86
      66.559     0.999414        18805      1706.67
      67.199     0.999512        18807      2048.00
      67.647     0.999561        18809      2275.56
      67.647     0.999609        18809      2560.00
      67.903     0.999658        18810      2925.71
      68.479     0.999707        18811      3413.33
      73.279     0.999756        18812      4096.00
      73.279     0.999780        18812      4551.11
      73.727     0.999805        18813      5120.00
      73.727     0.999829        18813      5851.43
      73.791     0.999854        18814      6826.67
      73.791     0.999878        18814      8192.00
      73.791     0.999890        18814      9102.22
      75.519     0.999902        18815     10240.00
      75.519     0.999915        18815     11702.86
      75.519     0.999927        18815     13653.33
      75.519     0.999939        18815     16384.00
      75.519     0.999945        18815     18204.44
      76.095     0.999951        18816     20480.00
      76.095     1.000000        18816          inf
#[Mean    =       19.366, StdDeviation   =       12.607]
#[Max     =       76.032, Total count    =        18816]
#[Buckets =           27, SubBuckets     =         2048]
----------------------------------------------------------
  38132 requests in 19.99s, 19.87MB read
Requests/sec:   1907.62
Transfer/sec:      0.99MB
MIX_ERRORS connect=0 read=0 write=0 status=0 timeout=0
