Running 20s test @ http://127.0.0.1:18401
  2 threads and 256 connections
  Thread calibration: mean lat.: 2132.953ms, rate sampling interval: 7598ms
  Thread calibration: mean lat.: 2136.808ms, rate sampling interval: 7614ms
  Thread Stats   Avg      Stdev     Max   +/- Stdev
    Latency     6.22s     1.17s    8.77s    58.57%
    Req/Sec     2.85k     4.00     2.86k    50.00%
  Latency Distribution (HdrHistogram - Recorded Latency)
 50.000%    6.23s 
 75.000%    7.22s 
 90.000%    7.81s 
 99.000%    8.34s 
 99.900%    8.54s 
 99.990%    8.68s 
 99.999%    8.73s 
100.000%    8.77s 

  Detailed Percentile spectrum:
       Value   Percentile   TotalCount 1/(1-Percentile)

    3844.095     0.000000            1         1.00
    4616.191     0.100000         5355         1.11
    5017.599     0.200000        10702         1.25
    5427.199     0.300000        16018         1.43
    5832.703     0.400000        21317         1.67
    6234.111     0.500000        26685         2.00
    6426.623     0.550000        29337         2.22
    6627.327     0.600000        31978         2.50
    6832.127     0.650000        34689         2.86
    7024.639     0.700000        37331         3.33
    7217.151     0.750000        39999         4.00
    7311.359     0.775000        41315         4.44
    7413.759     0.800000        42665         5.00
    7512.063     0.825000        43998         5.71
    7606.271     0.850000        45292         6.67
    7704.575     0.875000        46652         8.00
    7753.727     0.887500        47294         8.89
    7806.975     0.900000        47973        10.00
    7860.223     0.912500        48633        11.43
    7917.567     0.925000        49342        13.33
    7974.911     0.937500        49980        16.00
    8003.583     0.943750        50294        17.78
    8036.351     0.950000        50640        20.00
    8073.215     0.956250        50976        22.86
    8105.983     0.962500        51287        26.67
    8146.943     0.968750        51645        32.00
    8171.519     0.971875        51806        35.56
    8196.095     0.975000        51972        40.00
    8220.671     0.978125        52136        45.71
    8245.247     0.981250        52286        53.33
    8273.919     0.984375        52457        64.00
    8294.399     0.985938        52553        71.11
    8310.783     0.987500        52632        80.00
    8327.167     0.989062        52704        91.43
    8347.647     0.990625        52799       106.67
    8368.127     0.992188        52879       128.00
    8380.415     0.992969        52922       142.22
    8388.607     0.993750        52956       160.00
    8404.991     0.994531        53011       182.86
    8413.183     0.995313        53044       213.33
    8429.567     0.996094        53090       256.00
    8437.759     0.996484        53111       284.44
    8445.951     0.996875        53126       320.00
    8462.335     0.997266        53155       365.71
    8470.527     0.997656        53172       426.67
    8478.719     0.998047        53184       512.00
    8486.911     0.998242        53193       568.89
    8503.295     0.998437        53210       640.00
    8511.487     0.998633        53219       731.43
    8527.871     0.998828        53229       853.33
    8536.063     0.999023        53235      1024.00
    8544.255     0.999121        53241      1137.78
    8560.639     0.999219        53248      1280.00
    8560.639     0.999316        53248      1462.86
    8577.023     0.999414        53256      1706.67
    8585.215     0.999512        53261      2048.00
    8585.215     0.999561        53261      2275.56
    8601.599     0.999609        53267      2560.00
    8601.599     0.999658        53267      2925.71
    8609.791     0.999707        53271      3413.33
    8609.791     0.999756        53271      4096.00
    8626.175     0.999780        53273      4551.11
    8634.367     0.999805        53274      5120.00
    8650.751     0.999829        53275      5851.43
    8667.135     0.999854        53277      6826.67
    8675.327     0.999878        53278      8192.00
    8683.519     0.999890        53280      9102.22
    8683.519     0.999902        53280     10240.00
    8683.519     0.999915        53280     11702.86
    8699.903     0.999927        53281     13653.33
    8699.903     0.999939        53281     16384.00
    8716.287     0.999945        53282     18204.44
    8716.287     0.999951        53282     20480.00
    8716.287     0.999957        53282     23405.71
    8732.671     0.999963        53283     27306.67
    8732.671     0.999969        53283     32768.00
    8732.671     0.999973        53283     36408.89
    8732.671     0.999976        53283     40960.00
    8732.671     0.999979        53283     46811.43
    8773.631     0.999982        53284     54613.33
    8773.631     1.000000        53284          inf
#[Mean    =     6221.608, StdDeviation   =     1167.913]
#[Max     =     8765.440, Total count    =        53284]
#[Buckets =           27, SubBuckets     =         2048]
----------------------------------------------------------
  107622 requests in 19.99s, 55.96MB read
Requests/sec:   5384.03
Transfer/sec:      2.80MB
MIX_ERRORS connect=0 read=0 write=0 status=0 timeout=0
