Running 10s test @ http://127.0.0.1:18401
  2 threads and 256 connections
  Thread Stats   Avg      Stdev     Max   +/- Stdev
    Latency    34.30ms   22.56ms 244.22ms   68.58%
    Req/Sec       -nan      -nan   0.00      0.00%
  Latency Distribution (HdrHistogram - Recorded Latency)
 50.000%   32.59ms
 75.000%   48.35ms
 90.000%   61.34ms
 99.000%   89.86ms
 99.900%  210.82ms
 99.990%  238.72ms
 99.999%  244.35ms
100.000%  244.35ms

  Detailed Percentile spectrum:
       Value   Percentile   TotalCount 1/(1-Percentile)

       1.431     0.000000            1         1.00
       7.411     0.100000         1798         1.11
      13.487     0.200000         3595         1.25
      20.095     0.300000         5393         1.43
      26.735     0.400000         7186         1.67
      32.591     0.500000         8983         2.00
      35.519     0.550000         9894         2.22
      38.463     0.600000        10785         2.50
      41.919     0.650000        11685         2.86
      45.183     0.700000        12579         3.33
      48.351     0.750000        13479         4.00
      50.015     0.775000        13931         4.44
      51.903     0.800000        14379         5.00
      53.727     0.825000        14826         5.71
      55.935     0.850000        15273         6.67
      58.495     0.875000        15725         8.00
      59.871     0.887500        15948         8.89
      61.343     0.900000        16175        10.00
      62.719     0.912500        16394        11.43
      64.735     0.925000        16621        13.33
      66.815     0.937500        16849        16.00
      67.839     0.943750        16955        17.78
      69.311     0.950000        17068        20.00
      70.719     0.956250        17181        22.86
      72.575     0.962500        17293        26.67
      74.815     0.968750        17404        32.00
      76.223     0.971875        17462        35.56
      77.695     0.975000        17519        40.00
      79.295     0.978125        17574        45.71
      80.767     0.981250        17632        53.33
      83.007     0.984375        17686        64.00
      84.479     0.985938        17713        71.11
      86.463     0.987500        17743        80.00
      88.703     0.989062        17770        91.43
      90.623     0.990625        17797       106.67
      93.887     0.992188        17825       128.00
      96.639     0.992969        17839       142.22
      99.007     0.993750        17853       160.00
     100.223     0.994531        17867       182.86
     104.255     0.995313        17881       213.33
     124.927     0.996094        17895       256.00
     142.847     0.996484        17902       284.44
     163.839     0.996875        17910       320.00
     169.983     0.997266        17916       365.71
     182.527     0.997656        17923       426.67
     196.991     0.998047        17930       512.00
     203.903     0.998242        17934       568.89
     204.671     0.998437        17937       640.00
     206.463     0.998633        17941       731.43
     209.791     0.998828        17944       853.33
     212.095     0.999023        17949      1024.00
     212.351     0.999121        17950      1137.78
     213.375     0.999219        17951      1280.00
     217.727     0.999316        17953      1462.86
     218.751     0.999414        17955      1706.67
     220.543     0.999512        17957      2048.00
     221.823     0.999561        17958      2275.56
     221.823     0.999609        17958      2560.00
     222.847     0.999658        17959      2925.71
     223.359     0.999707        17960      3413.33
     226.303     0.999756        17961      4096.00
     228.991     0.999780        17962      4551.11
     228.991     0.999805        17962      5120.00
     228.991     0.999829        17962      5851.43
     238.719     0.999854        17963      6826.67
     238.719     0.999878        17963      8192.00
     243.967     0.999890        17964      9102.22
     243.967     0.999902        17964     10240.00
     243.967     0.999915        17964     11702.86
     243.967     0.999927        17964     13653.33
     243.967     0.999939        17964     16384.00
     244.351     0.999945        17965     18204.44
     244.351     1.000000        17965          inf
#[Mean    =       34.303, StdDeviation   =       22.558]
#[Max     =      244.224, Total count    =        17965]
#[Buckets =           27, SubBuckets     =         2048]
----------------------------------------------------------
  17967 requests in 9.98s, 10.59MB read
Requests/sec:   1799.94
Transfer/sec:      1.06MB
MIX_ERRORS connect=0 read=0 write=0 status=0 timeout=0
