Running 10s test @ http://127.0.0.1:18401
  2 threads and 256 connections
  Thread Stats   Avg      Stdev     Max   +/- Stdev
    Latency     3.18s     1.73s    6.46s    58.87%
    Req/Sec       -nan      -nan   0.00      0.00%
  Latency Distribution (HdrHistogram - Recorded Latency)
 50.000%    3.26s 
 75.000%    4.67s 
 90.000%    5.50s 
 99.000%    6.11s 
 99.900%    6.34s 
 99.990%    6.43s 
 99.999%    6.47s 
100.000%    6.47s 

  Detailed Percentile spectrum:
       Value   Percentile   TotalCount 1/(1-Percentile)

      38.591     0.000000            1         1.00
     695.807     0.100000         2886         1.11
    1416.191     0.200000         5769         1.25
    2044.927     0.300000         8655         1.43
    2637.823     0.400000        11539         1.67
    3258.367     0.500000        14426         2.00
    3543.039     0.550000        15869         2.22
    3837.951     0.600000        17317         2.50
    4122.623     0.650000        18760         2.86
    4395.007     0.700000        20211         3.33
    4673.535     0.750000        21643         4.00
    4808.703     0.775000        22368         4.44
    4947.967     0.800000        23082         5.00
    5087.231     0.825000        23797         5.71
    5230.591     0.850000        24520         6.67
    5365.759     0.875000        25248         8.00
    5431.295     0.887500        25608         8.89
    5500.927     0.900000        25976        10.00
    5570.559     0.912500        26341        11.43
    5644.287     0.925000        26699        13.33
    5718.015     0.937500        27050        16.00
    5754.879     0.943750        27223        17.78
    5795.839     0.950000        27409        20.00
    5836.799     0.956250        27594        22.86
    5877.759     0.962500        27775        26.67
    5922.815     0.968750        27963        32.00
    5939.199     0.971875        28032        35.56
    5963.775     0.975000        28132        40.00
    5988.351     0.978125        28221        45.71
    6017.023     0.981250        28315        53.33
    6045.695     0.984375        28402        64.00
    6057.983     0.985938        28443        71.11
    6074.367     0.987500        28493        80.00
    6094.847     0.989062        28531        91.43
    6115.327     0.990625        28578       106.67
    6135.807     0.992188        28618       128.00
    6152.191     0.992969        28650       142.22
    6164.479     0.993750        28668       160.00
    6184.959     0.994531        28689       182.86
    6201.343     0.995313        28711       213.33
    6221.823     0.996094        28734       256.00
    6230.015     0.996484        28743       284.44
    6246.399     0.996875        28753       320.00
    6266.879     0.997266        28767       365.71
    6279.167     0.997656        28776       426.67
    6299.647     0.998047        28790       512.00
    6303.743     0.998242        28793       568.89
    6311.935     0.998437        28800       640.00
    6316.031     0.998633        28804       731.43
    6328.319     0.998828        28810       853.33
    6340.607     0.999023        28817      1024.00
    6348.799     0.999121        28819      1137.78
    6352.895     0.999219        28822      1280.00
    6356.991     0.999316        28824      1462.86
    6369.279     0.999414        28827      1706.67
    6377.471     0.999512        28831      2048.00
    6377.471     0.999561        28831      2275.56
    6381.567     0.999609        28832      2560.00
    6385.663     0.999658        28834      2925.71
    6393.855     0.999707        28835      3413.33
    6397.951     0.999756        28838      4096.00
    6397.951     0.999780        28838      4551.11
    6397.951     0.999805        28838      5120.00
    6406.143     0.999829        28839      5851.43
    6406.143     0.999854        28839      6826.67
    6430.719     0.999878        28840      8192.00
    6430.719     0.999890        28840      9102.22
    6451.199     0.999902        28841     10240.00
    6451.199     0.999915        28841     11702.86
    6451.199     0.999927        28841     13653.33
    6455.295     0.999939        28842     16384.00
    6455.295     0.999945        28842     18204.44
    6455.295     0.999951        28842     20480.00
    6455.295     0.999957        28842     23405.71
    6455.295     0.999963        28842     27306.67
    6467.583     0.999969        28843     32768.00
    6467.583     1.000000        28843          inf
#[Mean    =     3180.844, StdDeviation   =     1732.313]
#[Max     =     6463.488, Total count    =        28843]
#[Buckets =           27, SubBuckets     =         2048]
----------------------------------------------------------
  28845 requests in 9.98s, 17.03MB read
Requests/sec:   2889.74
Transfer/sec:      1.71MB
MIX_ERRORS connect=0 read=0 write=0 status=0 timeout=0
