Running 20s test @ http://127.0.0.1:18401
  2 threads and 256 connections
  Thread calibration: mean lat.: 17.899ms, rate sampling interval: 72ms
  Thread calibration: mean lat.: 21.187ms, rate sampling interval: 79ms
  Thread Stats   Avg      Stdev     Max   +/- Stdev
    Latency    18.57ms   12.17ms  76.80ms   69.14%
    Req/Sec     1.00k   607.13     1.80k    50.61%
  Latency Distribution (HdrHistogram - Recorded Latency)
 50.000%   16.82ms
 75.000%   24.90ms
 90.000%   34.37ms
 99.000%   55.33ms
 99.900%   63.87ms
 99.990%   68.16ms
 99.999%   76.86ms
100.000%   76.86ms

  Detailed Percentile spectrum:
       Value   Percentile   TotalCount 1/(1-Percentile)

       1.111     0.000000            1         1.00
       4.643     0.100000         1864         1.11
       7.355     0.200000         3727         1.25
      10.631     0.300000         5597         1.43
      13.863     0.400000         7462         1.67
      16.815     0.500000         9331         2.00
      18.287     0.550000        10253         2.22
      19.775     0.600000        11187         2.50
      21.343     0.650000        12114         2.86
      22.991     0.700000        13049         3.33
      24.895     0.750000        13987         4.00
      25.855     0.775000        14444         4.44
      27.039     0.800000        14915         5.00
      28.351     0.825000        15374         5.71
      29.999     0.850000        15841         6.67
      31.967     0.875000        16309         8.00
      33.151     0.887500        16548         8.89
      34.367     0.900000        16775        10.00
      36.191     0.912500        17008        11.43
      38.463     0.925000        17239        13.33
      41.343     0.937500        17475        16.00
      42.975     0.943750        17587        17.78
      44.511     0.950000        17707        20.00
      45.759     0.956250        17823        22.86
      47.071     0.962500        17940        26.67
      48.255     0.968750        18053        32.00
      49.151     0.971875        18111        35.56
      50.047     0.975000        18170        40.00
      50.943     0.978125        18228        45.71
      51.967     0.981250        18286        53.33
      53.023     0.984375        18345        64.00
      53.599     0.985938        18376        71.11
      54.143     0.987500        18403        80.00
      54.943     0.989062        18433        91.43
      55.583     0.990625        18462       106.67
      56.543     0.992188        18490       128.00
      57.311     0.992969        18505       142.22
      57.695     0.993750        18521       160.00
      58.207     0.994531        18534       182.86
      58.911     0.995313        18549       213.33
      59.935     0.996094        18563       256.00
      60.159     0.996484        18570       284.44
      60.639     0.996875        18578       320.00
      61.087     0.997266        18585       365.71
      61.503     0.997656        18592       426.67
      62.367     0.998047        18599       512.00
      62.847     0.998242        18603       568.89
      63.039     0.998437        18607       640.00
      63.167     0.998633        18610       731.43
      63.615     0.998828        18614       853.33
      63.903     0.999023        18617      1024.00
      64.415     0.999121        18619      1137.78
      65.215     0.999219        18621      1280.00
      65.983     0.999316        18623      1462.86
      66.239     0.999414        18625      1706.67
      66.303     0.999512        18626      2048.00
      66.751     0.999561        18627      2275.56
      67.391     0.999609        18628      2560.00
      67.519     0.999658        18629      2925.71
      67.583     0.999707        18630      3413.33
      67.647     0.999756        18631      4096.00
      67.647     0.999780        18631      4551.11
      67.967     0.999805        18632      5120.00
      67.967     0.999829        18632      5851.43
      68.159     0.999854        18633      6826.67
      68.159     0.999878        18633      8192.00
      68.159     0.999890        18633      9102.22
      68.287     0.999902        18634     10240.00
      68.287     0.999915        18634     11702.86
      68.287     0.999927        18634     13653.33
      68.287     0.999939        18634     16384.00
      68.287     0.999945        18634     18204.44
      76.863     0.999951        18635     20480.00
      76.863     1.000000        18635          inf
#[Mean    =       18.566, StdDeviation   =       12.167]
#[Max     =       76.800, Total count    =        18635]
#[Buckets =           27, SubBuckets     =         2048]
----------------------------------------------------------
  38077 requests in 19.99s, 19.84MB read
Requests/sec:   1904.72
Transfer/sec:      0.99MB
MIX_ERRORS connect=0 read=0 write=0 status=0 timeout=0
