Running 20s test @ http://127.0.0.1:18401
  2 threads and 256 connections
  Thread calibration: mean lat.: 2105.716ms, rate sampling interval: 7565ms
  Thread calibration: mean lat.: 2107.803ms, rate sampling interval: 7553ms
  Thread Stats   Avg      Stdev     Max   +/- Stdev
    Latency     6.21s     1.17s    8.74s    58.49%
    Req/Sec     2.84k     3.00     2.84k    50.00%
  Latency Distribution (HdrHistogram - Recorded Latency)
 50.000%    6.21s 
 75.000%    7.22s 
 90.000%    7.81s 
 99.000%    8.31s 
 99.900%    8.57s 
 99.990%    8.68s 
 99.999%    8.71s 
100.000%    8.75s 

  Detailed Percentile spectrum:
       Value   Percentile   TotalCount 1/(1-Percentile)

    3606.527     0.000000            1         1.00
    4599.807     0.100000         5310         1.11
    5005.311     0.200000        10634         1.25
    5402.623     0.300000        15934         1.43
    5808.127     0.400000        21246         1.67
    6213.631     0.500000        26565         2.00
    6422.527     0.550000        29234         2.22
    6635.519     0.600000        31883         2.50
    6832.127     0.650000        34529         2.86
    7028.735     0.700000        37156         3.33
    7221.247     0.750000        39823         4.00
    7323.647     0.775000        41163         4.44
    7413.759     0.800000        42460         5.00
    7516.159     0.825000        43832         5.71
    7614.463     0.850000        45158         6.67
    7712.767     0.875000        46486         8.00
    7757.823     0.887500        47116         8.89
    7811.071     0.900000        47813        10.00
    7860.223     0.912500        48473        11.43
    7909.375     0.925000        49105        13.33
    7962.623     0.937500        49767        16.00
    7995.391     0.943750        50112        17.78
    8024.063     0.950000        50436        20.00
    8056.831     0.956250        50790        22.86
    8089.599     0.962500        51095        26.67
    8130.559     0.968750        51444        32.00
    8151.039     0.971875        51607        35.56
    8171.519     0.975000        51747        40.00
    8196.095     0.978125        51920        45.71
    8224.767     0.981250        52097        53.33
    8253.439     0.984375        52257        64.00
    8265.727     0.985938        52329        71.11
    8286.207     0.987500        52419        80.00
    8302.591     0.989062        52493        91.43
    8327.167     0.990625        52585       106.67
    8347.647     0.992188        52661       128.00
    8359.935     0.992969        52709       142.22
    8372.223     0.993750        52743       160.00
    8388.607     0.994531        52786       182.86
    8413.183     0.995313        52836       213.33
    8429.567     0.996094        52870       256.00
    8437.759     0.996484        52885       284.44
    8454.143     0.996875        52914       320.00
    8470.527     0.997266        52931       365.71
    8486.911     0.997656        52955       426.67
    8503.295     0.998047        52971       512.00
    8511.487     0.998242        52981       568.89
    8519.679     0.998437        52989       640.00
    8536.063     0.998633        52999       731.43
    8552.447     0.998828        53012       853.33
    8568.831     0.999023        53024      1024.00
    8577.023     0.999121        53027      1137.78
    8585.215     0.999219        53030      1280.00
    8593.407     0.999316        53036      1462.86
    8601.599     0.999414        53043      1706.67
    8617.983     0.999512        53047      2048.00
    8626.175     0.999561        53048      2275.56
    8634.367     0.999609        53055      2560.00
    8634.367     0.999658        53055      2925.71
    8642.559     0.999707        53057      3413.33
    8650.751     0.999756        53059      4096.00
    8658.943     0.999780        53061      4551.11
    8658.943     0.999805        53061      5120.00
    8667.135     0.999829        53063      5851.43
    8675.327     0.999854        53065      6826.67
    8675.327     0.999878        53065      8192.00
    8683.519     0.999890        53068      9102.22
    8683.519     0.999902        53068     10240.00
    8683.519     0.999915        53068     11702.86
    8683.519     0.999927        53068     13653.33
    8683.519     0.999939        53068     16384.00
    8691.711     0.999945        53069     18204.44
    8691.711     0.999951        53069     20480.00
    8691.711     0.999957        53069     23405.71
    8708.095     0.999963        53070     27306.67
    8708.095     0.999969        53070     32768.00
    8708.095     0.999973        53070     36408.89
    8708.095     0.999976        53070     40960.00
    8708.095     0.999979        53070     46811.43
    8749.055     0.999982        53071     54613.33
    8749.055     1.000000        53071          inf
#[Mean    =     6211.386, StdDeviation   =     1174.813]
#[Max     =     8740.864, Total count    =        53071]
#[Buckets =           27, SubBuckets     =         2048]
----------------------------------------------------------
  107704 requests in 19.99s, 56.00MB read
Requests/sec:   5388.00
Transfer/sec:      2.80MB
MIX_ERRORS connect=0 read=0 write=0 status=0 timeout=0
